ORIG	DEST	N_TOT
11	13	1
13	15	1
14	14	1
14	17	1
15	82	1
16	14	1
17	11	1
22	25	1
25	25	1
25	31	1
30	32	1
31	31	1
31	166	1
56	61	1
57	57	1
57	58	1
58	58	1
58	59	1
59	60	1
60	56	1
61	61	1
80	80	1
81	80	1
81	81	1
81	83	1
82	81	2
83	83	1
83	88	1
88	88	1
92	16	1
98	98	1
106	109	1
109	109	1
109	119	1
112	112	1
112	113	1
113	113	1
113	114	1
114	114	1
114	1451	1
114	1474	1
115	115	1
115	122	1
119	112	1
119	119	1
121	121	1
122	121	1
122	122	1
138	138	1
138	148	1
139	139	1
140	138	1
140	140	1
141	141	1
143	140	1
145	145	2
148	141	1
148	148	1
150	150	1
150	152	1
152	152	1
161	98	1
161	161	1
166	166	1
167	167	1
167	170	1
168	169	1
169	167	1
170	580	1
174	174	1
174	175	1
174	559	1
175	175	1
179	174	1
181	181	1
181	182	1
182	182	1
182	183	1
183	183	1
183	197	1
188	1254	1
197	197	1
201	201	1
202	201	1
202	202	1
203	203	1
203	205	1
205	202	1
208	209	1
209	209	1
211	203	1
214	150	1
216	214	1
216	216	1
218	218	1
218	282	1
219	216	1
226	227	1
226	1408	1
227	218	1
227	227	1
227	228	1
228	1419	1
231	272	1
231	2505	1
232	272	1
237	237	1
238	269	1
240	241	1
241	241	1
241	242	1
242	237	1
242	242	2
249	249	1
249	300	1
251	251	1
251	3362	1
268	268	1
268	276	1
269	270	1
270	271	1
271	231	1
272	272	1
272	273	2
273	268	1
273	273	1
273	1044	1
274	274	1
274	2518	1
276	278	1
278	286	1
280	274	1
280	280	1
281	280	1
281	281	2
282	281	2
282	282	1
284	284	1
284	288	1
285	285	1
285	2626	1
286	284	1
286	285	2
286	286	2
287	286	1
288	288	1
298	286	1
300	300	1
303	303	1
303	305	1
304	304	1
305	304	1
305	305	1
307	307	1
307	521	1
309	307	1
309	309	1
314	315	1
315	315	1
315	473	1
341	341	1
341	342	1
342	342	1
342	394	1
347	347	1
350	347	1
350	350	1
354	372	1
355	355	1
355	365	2
356	355	1
356	356	1
357	356	1
358	357	1
360	355	1
360	360	1
360	2861	1
361	360	1
362	361	1
362	362	1
363	363	1
363	367	1
364	363	1
364	364	1
365	364	1
365	365	1
365	369	1
367	367	1
369	354	1
378	380	1
380	380	1
380	381	1
381	350	1
381	381	1
383	384	1
384	378	1
384	384	1
394	394	1
394	396	1
395	395	1
396	395	1
397	397	1
414	414	1
414	2874	1
421	421	1
421	720	1
422	421	1
422	422	1
425	2668	1
426	2668	1
427	426	1
437	437	1
445	397	1
445	445	1
450	422	1
450	445	1
450	450	3
450	451	1
451	451	1
451	452	1
452	452	1
453	450	1
456	457	1
457	695	1
460	450	1
466	341	1
466	466	1
467	466	1
467	467	1
467	2666	1
468	467	1
469	475	1
473	473	1
475	476	1
476	470	1
476	476	1
476	478	1
478	478	1
478	479	1
479	460	1
479	479	1
481	481	1
493	979	1
494	693	1
499	499	1
502	502	1
502	646	1
511	481	1
511	511	1
513	513	1
513	644	1
514	645	1
519	533	1
521	521	1
526	309	1
533	533	1
533	4604	1
543	640	1
554	249	1
559	559	1
559	3362	1
562	563	1
563	563	1
563	979	1
569	979	1
570	604	1
578	181	1
578	578	1
580	580	1
580	581	1
581	581	1
581	979	1
598	602	1
602	578	1
602	602	1
603	603	1
604	603	1
604	604	1
610	610	1
616	616	1
623	655	1
630	641	1
632	632	1
635	654	1
637	610	1
637	637	1
638	637	1
640	638	1
640	640	1
641	641	1
641	642	1
642	642	2
642	643	1
643	513	1
644	644	1
644	647	1
645	645	2
645	646	1
646	511	1
646	642	1
646	646	2
647	645	1
647	647	1
647	648	1
647	666	1
648	637	1
648	647	1
648	648	1
649	648	1
650	649	1
650	650	1
651	650	1
654	647	1
655	655	1
655	979	1
658	658	1
666	502	1
666	666	1
666	667	1
667	668	1
668	669	1
669	690	1
682	682	1
682	837	1
683	682	1
686	686	1
686	785	1
687	688	1
688	688	1
688	692	1
688	693	1
689	694	1
690	689	1
692	494	1
692	1044	1
693	666	1
693	693	2
693	694	1
694	688	1
694	694	1
695	695	1
717	717	1
718	717	1
718	718	3
718	719	1
719	718	1
719	719	1
719	724	1
720	720	1
720	722	2
722	722	1
722	723	1
722	730	1
723	726	1
724	732	1
725	718	1
726	738	1
730	718	1
730	730	1
732	729	1
738	725	1
742	768	1
751	751	1
751	759	1
755	3280	1
759	3306	1
768	768	1
776	776	1
776	2662	1
778	776	1
778	778	1
783	786	1
783	792	1
785	785	1
786	686	1
786	786	1
787	787	1
787	835	1
792	787	1
792	1044	1
800	822	1
806	2668	1
815	816	1
816	778	1
816	816	1
816	818	1
818	818	1
818	2668	1
821	825	1
822	821	1
823	800	1
824	795	1
825	824	1
826	826	1
829	826	1
829	829	1
830	829	1
831	830	1
831	831	1
835	823	1
837	837	1
838	838	1
838	854	1
839	838	1
848	850	1
849	848	1
849	854	1
850	855	1
851	831	1
851	851	1
852	851	1
852	852	1
853	852	1
853	853	1
853	907	1
854	854	1
854	855	1
855	853	2
855	855	1
857	890	1
859	860	1
862	865	1
864	864	1
865	864	1
865	865	1
885	1008	1
889	857	1
890	859	1
891	849	1
892	891	1
897	897	1
897	898	1
898	898	1
898	901	1
899	897	1
899	899	1
901	901	1
901	903	1
902	899	1
902	902	1
903	658	1
903	903	1
904	902	1
907	889	1
907	907	1
923	923	3
923	930	1
923	931	1
924	923	2
924	924	1
929	924	1
930	930	1
930	931	1
931	931	2
931	932	2
932	932	2
932	933	2
933	933	2
933	935	1
935	935	1
946	949	1
948	948	1
948	957	1
949	948	1
956	956	1
957	956	1
957	957	1
964	964	1
966	964	1
977	1384	1
979	145	1
979	499	1
979	616	1
979	923	1
982	982	1
982	983	1
982	986	1
983	1005	1
986	986	1
986	1396	1
988	988	1
993	993	1
995	993	1
995	995	1
1000	1000	1
1000	1022	1
1001	1005	1
1002	1000	1
1002	1002	2
1002	1382	1
1005	1005	1
1005	1007	1
1005	1008	1
1006	1002	1
1006	1006	1
1007	1008	1
1008	57	1
1008	161	1
1008	303	1
1008	632	1
1008	982	1
1008	1006	1
1008	1008	1
1018	1018	1
1018	1019	2
1019	1019	1
1019	1020	2
1020	1020	1
1020	2032	1
1021	1018	1
1022	1022	1
1023	1021	1
1026	1028	1
1028	1023	1
1029	1026	1
1034	1034	1
1035	1029	1
1036	242	1
1039	979	1
1039	1039	1
1040	1039	1
1040	1040	1
1041	1035	1
1041	1040	1
1044	2335	1
1049	1049	1
1050	1049	1
1050	1050	1
1051	1034	1
1051	1051	1
1052	1051	1
1052	1052	1
1053	1052	1
1053	1053	1
1054	1053	1
1055	1063	1
1056	1055	1
1063	1063	2
1063	1067	1
1064	1050	1
1064	1063	1
1064	1064	2
1065	1064	1
1065	1065	1
1065	2048	1
1067	1064	1
1067	1070	1
1068	1068	1
1068	1069	1
1069	1067	1
1069	1069	1
1070	1065	1
1070	1070	1
1077	1077	1
1077	1078	1
1078	1078	1
1079	1068	1
1079	1079	1
1080	1079	1
1154	4604	1
1155	1155	1
1157	1159	1
1159	1159	1
1159	1198	1
1165	1165	1
1165	1177	1
1166	1165	1
1167	1157	1
1167	1166	1
1167	1167	1
1168	1167	2
1168	1168	2
1169	1169	1
1169	1180	1
1171	1171	1
1171	1293	1
1177	1171	1
1177	1177	1
1180	1180	1
1180	1187	1
1180	1192	1
1183	1168	3
1183	1169	1
1183	1183	3
1184	1183	2
1184	1184	1
1185	1184	1
1186	1183	1
1187	1184	1
1190	1183	1
1190	1186	1
1192	1190	1
1192	1192	1
1198	1199	1
1199	1199	1
1199	1200	1
1200	1214	1
1201	1192	1
1202	1202	1
1204	1211	1
1207	6803	1
1210	1201	1
1210	1210	1
1210	1216	1
1211	1211	1
1211	1217	1
1216	1202	1
1217	1217	1
1217	1228	1
1221	1221	1
1223	1223	1
1223	1224	1
1224	1221	1
1224	1224	1
1227	1223	1
1228	1227	1
1254	1254	1
1289	7253	1
1293	1155	1
1293	1293	2
1300	1293	1
1356	1902	1
1359	1354	1
1359	1359	1
1360	1364	1
1364	1382	1
1365	1353	1
1366	1008	1
1366	1366	1
1382	1366	1
1382	1382	2
1382	1462	1
1384	1384	1
1384	1481	1
1385	1391	1
1389	1389	1
1389	1390	1
1390	1390	1
1391	1389	1
1391	1391	1
1396	1396	1
1396	1398	1
1398	1398	1
1400	1382	1
1400	1400	1
1403	1400	1
1403	1403	1
1404	1403	1
1404	1404	1
1408	1404	1
1409	1409	1
1409	1410	1
1410	1410	1
1411	1409	1
1411	1411	1
1419	1419	1
1419	1420	1
1420	1411	1
1420	1420	1
1425	1425	1
1429	1429	1
1430	1429	1
1430	1430	1
1432	251	1
1433	1434	1
1434	1430	1
1434	1434	1
1437	1438	1
1438	1438	1
1438	1440	1
1439	1437	1
1440	1449	1
1441	1451	1
1442	1442	1
1442	1443	2
1443	1441	1
1443	1443	1
1444	1425	1
1444	1444	1
1445	1444	1
1448	1442	1
1449	1442	1
1451	139	1
1451	1451	1
1451	1467	1
1462	988	1
1462	1462	1
1467	115	1
1473	1477	1
1474	1475	1
1475	1374	1
1475	1475	1
1475	1476	1
1476	1473	1
1477	1478	1
1478	1478	1
1478	1494	1
1481	1481	1
1488	1488	1
1488	1489	1
1489	1489	1
1489	1493	1
1491	1488	1
1492	1492	1
1493	1492	1
1493	1493	1
1497	1498	1
1498	1498	1
1498	1514	1
1499	1499	1
1499	1501	1
1500	1491	1
1501	1501	1
1502	1499	1
1502	1502	1
1503	1502	1
1503	1503	1
1505	1506	1
1506	1503	1
1506	1506	1
1510	1510	1
1510	1511	1
1511	1511	1
1511	1516	1
1514	1475	1
1514	1514	1
1515	1510	1
1516	1497	1
1516	1516	1
1520	1365	1
1520	1520	1
1521	6850	1
1565	1585	1
1568	1568	1
1568	1573	1
1569	1568	1
1569	1569	1
1569	1576	1
1570	1569	2
1570	1570	1
1571	1571	1
1571	1572	1
1572	1570	2
1572	1572	1
1573	1573	1
1573	1576	1
1576	1576	1
1576	1582	1
1577	1571	1
1577	1572	1
1578	1579	1
1579	1581	1
1580	1578	1
1581	1577	1
1582	1592	1
1585	1589	1
1586	1589	1
1587	1586	1
1587	1587	1
1589	1589	1
1589	1963	1
1589	1964	1
1590	1565	1
1591	1590	1
1592	1592	1
1592	1954	1
1592	1955	1
1593	1591	1
1595	1587	1
1607	1607	1
1609	1607	1
1611	1631	1
1631	1580	1
1631	1631	1
1631	4629	1
1635	1631	1
1638	1609	1
1638	1638	1
1646	1638	1
1646	1646	1
1647	1646	1
1647	1647	1
1647	1648	1
1648	1647	1
1648	1648	2
1648	1674	1
1659	1659	1
1659	1661	1
1661	1661	1
1661	1961	1
1674	1648	1
1674	1677	1
1677	1966	1
1708	1708	1
1708	2002	1
1710	1710	1
1710	1711	1
1711	1711	1
1711	4629	1
1712	1712	1
1712	1713	1
1713	1714	1
1714	1730	1
1715	1712	1
1715	1715	1
1718	1719	2
1719	1715	2
1719	1719	2
1727	1727	1
1727	1740	1
1728	1727	1
1728	1728	1
1730	1730	1
1730	1739	1
1731	1710	1
1731	1731	1
1731	1844	1
1739	1728	1
1739	1739	1
1740	1740	1
1744	1744	1
1746	1744	1
1746	1746	1
1749	1749	1
1749	1772	1
1750	1749	1
1750	1750	1
1753	1753	1
1753	1773	1
1754	1753	1
1754	1754	1
1756	1754	1
1756	4629	1
1764	1756	1
1764	1764	1
1768	1764	1
1772	1746	1
1772	1772	1
1773	1773	1
1773	1776	1
1776	1777	1
1777	1750	1
1777	1776	1
1781	1781	1
1781	1785	1
1782	1781	1
1782	1782	1
1783	1782	1
1783	1783	1
1784	1783	1
1784	1784	1
1785	1785	1
1788	1788	1
1789	1784	1
1794	1794	1
1794	1795	1
1795	1777	1
1795	1795	1
1801	1794	1
1801	1801	1
1804	1801	1
1810	1814	1
1814	1814	2
1814	1816	1
1814	4634	1
1816	1814	1
1816	1819	1
1819	1804	1
1819	1819	2
1821	1819	1
1821	1821	1
1834	1708	1
1834	1834	1
1868	1834	1
1875	1875	1
1878	1890	1
1890	1875	1
1890	1890	1
1896	946	1
1896	979	1
1896	1002	1
1897	1896	1
1897	1897	1
1902	1902	1
1902	1903	1
1903	1359	1
1903	1903	1
1906	1907	1
1907	1907	1
1907	1908	1
1908	1908	1
1908	1909	1
1909	1909	1
1909	1910	1
1910	1910	1
1918	1935	1
1934	1897	1
1935	1821	1
1935	1935	1
1946	4634	1
1950	1950	1
1950	1952	1
1952	1952	1
1953	1959	1
1954	1731	1
1954	1950	1
1954	1954	3
1955	1592	1
1955	1954	1
1955	1955	2
1956	1955	1
1956	1956	2
1956	1957	1
1956	1963	1
1957	1956	1
1957	1957	1
1957	1960	1
1958	1953	1
1960	1958	1
1961	1961	1
1962	1956	1
1962	1957	1
1962	1962	2
1962	1963	1
1963	1954	1
1963	1956	1
1963	1963	1
1963	1966	1
1964	1954	1
1964	1955	1
1965	1962	1
1966	1659	1
1966	1962	1
1966	1964	1
1966	1966	2
2002	2002	1
2004	1080	1
2004	2004	1
2011	2011	1
2012	2048	1
2013	2012	1
2013	2013	2
2013	2014	1
2014	2011	1
2014	2013	1
2014	2014	2
2016	2017	1
2017	2014	1
2017	2017	1
2032	995	1
2032	2032	1
2034	1018	1
2034	2034	1
2036	2034	1
2048	1077	1
2048	2013	1
2049	2051	1
2050	2050	1
2051	2052	1
2052	2052	1
2052	2053	1
2053	2053	1
2053	2054	1
2054	2050	1
2054	2054	1
2054	2069	1
2055	2004	1
2069	2055	1
2089	2128	1
2094	2094	1
2094	2095	1
2095	2095	1
2096	2094	1
2103	2105	1
2105	2111	1
2107	4453	1
2110	2110	1
2111	2110	1
2111	2111	1
2112	2107	1
2123	2123	1
2125	2125	1
2125	2127	1
2126	2125	1
2126	2126	1
2127	2127	1
2127	2141	1
2128	2123	1
2128	2128	1
2134	2126	1
2134	2134	1
2136	2134	1
2141	2141	1
2152	2152	1
2152	4634	1
2153	2152	1
2179	2179	1
2179	2252	1
2185	2331	1
2197	2197	1
2197	2203	1
2203	2251	1
2251	2251	1
2252	2252	2
2258	2258	1
2258	2657	1
2259	2671	1
2262	2257	1
2265	2262	1
2267	2267	1
2267	2274	1
2268	2267	1
2268	2268	1
2269	2268	1
2271	2272	1
2272	2272	1
2272	2301	1
2273	2258	1
2273	2273	1
2274	2273	1
2274	2274	1
2280	2283	1
2283	2283	1
2283	2289	1
2288	2271	1
2289	2289	1
2293	2288	1
2294	2296	1
2296	2296	1
2297	2298	1
2298	2293	1
2298	2298	1
2301	2307	1
2306	2304	1
2307	2306	1
2307	2307	1
2327	2335	1
2331	2331	1
2331	2334	1
2333	2333	1
2333	2351	1
2334	2252	1
2334	2334	2
2334	2349	1
2335	2334	1
2335	2335	2
2335	2348	1
2339	2335	1
2339	2339	1
2344	1044	1
2348	2333	1
2348	2348	2
2349	2348	1
2350	2350	1
2351	2351	1
2351	2360	1
2352	2352	1
2352	2353	1
2353	2179	1
2353	2353	2
2353	2373	1
2356	2352	1
2358	2358	1
2358	2359	1
2359	2197	1
2359	2359	1
2360	2350	1
2363	2339	1
2373	2373	1
2373	2375	1
2374	2374	1
2374	2378	1
2375	2374	1
2375	2375	1
2375	2379	1
2378	4502	1
2379	2379	1
2381	2381	1
2384	2381	1
2384	2384	1
2389	2389	1
2389	2394	1
2394	2394	1
2398	2399	1
2399	2403	1
2401	2398	1
2403	2432	1
2405	2405	1
2405	2406	1
2406	2406	1
2406	2407	1
2407	2407	1
2407	2428	1
2418	2418	1
2418	2421	1
2420	2420	1
2421	2421	1
2427	2427	1
2428	2389	1
2428	2427	1
2428	2428	2
2429	2428	1
2432	2433	1
2433	2433	1
2433	2434	1
2438	2438	1
2438	2439	1
2439	2444	1
2440	2441	1
2441	2441	1
2441	2442	1
2442	2451	1
2443	2440	1
2444	2443	1
2451	2457	1
2457	2455	1
2457	2457	1
2458	2353	1
2459	2459	1
2459	2726	1
2460	2459	1
2460	2460	1
2461	2460	1
2466	2466	1
2466	5501	1
2474	2401	1
2477	2474	1
2478	2477	1
2479	2479	1
2479	5538	1
2480	2482	1
2482	2479	1
2482	2482	1
2501	2358	1
2505	232	1
2505	2505	1
2517	2523	1
2518	2505	1
2518	2518	1
2521	2521	1
2521	2535	1
2522	2522	1
2522	2523	1
2522	2528	1
2523	2520	1
2523	2522	1
2523	2523	1
2524	2522	1
2524	2524	1
2525	2524	1
2525	2525	1
2526	2521	1
2526	2525	1
2526	2526	1
2527	2526	2
2527	2527	1
2528	2527	2
2528	2528	1
2533	979	1
2533	2533	1
2533	4604	1
2534	2533	1
2535	2535	1
2535	2536	1
2536	2537	1
2537	2538	1
2546	2546	1
2546	2547	1
2547	1044	1
2547	2547	1
2548	2570	1
2557	2546	1
2570	2583	1
2583	362	1
2583	2583	1
2592	2592	1
2592	2598	1
2596	2596	1
2596	2603	1
2598	2596	1
2598	2598	1
2599	2604	1
2602	2602	1
2603	2602	1
2603	2603	1
2604	2592	1
2604	2604	1
2606	2606	1
2606	2611	1
2607	2606	1
2607	2607	1
2609	2607	1
2611	2611	1
2611	2612	1
2612	2612	1
2612	2616	1
2615	2615	1
2616	2615	1
2616	2616	1
2622	2622	1
2622	2623	1
2623	2623	1
2626	2622	1
2626	2626	1
2662	719	1
2666	360	1
2666	2666	1
2666	2668	1
2668	437	1
2668	450	1
2668	2384	1
2668	2672	2
2668	2879	1
2668	2966	1
2668	3269	1
2670	2686	1
2671	2670	1
2672	2259	1
2672	2672	1
2676	2692	1
2680	2682	1
2681	2676	1
2681	2689	1
2682	2420	1
2682	2682	1
2686	2265	1
2689	2668	1
2689	2680	1
2689	2689	1
2690	2438	1
2692	2666	1
2693	2689	1
2700	2707	1
2702	2693	1
2707	2710	1
2709	2709	1
2709	2715	1
2710	2709	1
2710	2710	1
2715	2715	1
2715	2716	1
2716	2716	1
2729	2466	1
2729	2729	1
2733	2734	1
2741	2752	1
2746	2741	1
2746	2746	1
2747	2747	1
2747	2748	1
2748	2748	1
2748	2758	1
2756	2747	1
2757	2746	1
2758	2757	1
2758	2758	1
2766	2766	1
2767	2766	1
2767	2767	1
2775	2662	1
2775	2775	1
2776	2775	1
2777	2776	1
2777	2777	1
2801	2801	1
2827	2827	1
2831	2831	1
2831	2870	1
2832	2831	1
2836	2827	1
2836	2836	1
2837	2852	1
2852	2836	1
2852	2852	1
2861	2864	1
2866	2866	1
2866	2867	1
2867	2872	1
2870	2866	1
2870	2870	1
2872	2872	1
2872	2873	1
2873	414	1
2877	2877	1
2878	2877	1
2878	2878	1
2879	2878	1
2879	2879	1
2891	2891	1
2893	2891	1
2900	3043	1
2907	2893	1
2911	2912	1
2912	2918	1
2913	2907	1
2913	2913	2
2918	2913	1
2942	2801	1
2942	2942	1
2944	2944	1
2944	2965	1
2945	2944	1
2947	2947	1
2947	2948	1
2948	2942	1
2948	2948	1
2962	2960	1
2962	2962	1
2965	2968	1
2966	2913	1
2968	2947	1
2974	2662	1
2985	2777	1
3009	2662	1
3009	3009	1
3010	3111	1
3027	3028	1
3028	3057	1
3042	3042	1
3042	3045	1
3042	3085	1
3043	3042	1
3044	3087	1
3045	3044	1
3056	3082	1
3057	3058	1
3058	3056	1
3058	3058	1
3062	3062	1
3062	3064	1
3064	3064	1
3069	3062	1
3082	3082	1
3082	3083	1
3083	3042	1
3085	2662	1
3085	3085	1
3087	3087	1
3100	3100	1
3109	3009	1
3110	3109	1
3111	3110	1
3111	3116	1
3112	3111	1
3113	3112	1
3114	3123	1
3116	3114	1
3117	3113	1
3122	3117	1
3122	3122	1
3122	6614	1
3123	2668	1
3123	3123	1
3123	6610	1
3126	3138	1
3126	3151	1
3132	3133	1
3133	3142	1
3134	3134	1
3134	3192	1
3137	3136	1
3138	3126	1
3138	3137	1
3138	3138	1
3140	3134	1
3140	3140	1
3142	3156	1
3146	3140	1
3146	3146	1
3151	3122	1
3151	3126	1
3156	3158	1
3158	3174	1
3161	3146	1
3161	3161	1
3165	3165	1
3165	3166	1
3166	3167	1
3167	3171	1
3171	3171	1
3174	3175	1
3175	3151	1
3175	3175	1
3192	3165	1
3192	3192	1
3193	3192	1
3194	3199	1
3195	3195	1
3195	3200	1
3196	3197	1
3197	3193	1
3199	3195	1
3199	3199	1
3200	3196	1
3200	3200	1
3201	3202	1
3202	3161	1
3202	3202	1
3208	3209	1
3209	3217	1
3215	3230	1
3217	3215	1
3218	3228	1
3220	3221	1
3221	3208	1
3225	3238	1
3228	3225	1
3230	3268	1
3238	3220	1
3238	3238	1
3239	3239	1
3239	3241	1
3241	3238	1
3241	3241	1
3244	3239	1
3269	3269	1
3274	3274	1
3274	3276	1
3275	3274	1
3275	3275	1
3276	3100	1
3276	3276	1
3280	3275	1
3280	3280	1
3284	751	1
3287	3287	1
3287	3288	1
3288	3288	1
3288	3299	1
3297	3298	1
3298	3287	1
3298	3298	1
3299	3284	1
3303	3303	1
3305	3303	1
3305	3305	1
3306	3305	1
3306	3306	1
3357	3476	1
3358	3477	1
3359	3359	1
3362	145	1
3362	2733	1
3362	3362	1
3362	3367	1
3362	6145	1
3362	7000	1
3362	7025	1
3362	7362	1
3363	3363	2
3363	5481	1
3364	3363	1
3364	3364	1
3365	3365	1
3365	3383	1
3366	3364	1
3367	3366	1
3367	3367	1
3373	2668	1
3373	3373	1
3373	3376	1
3376	3376	2
3376	3377	1
3377	3377	1
3377	3444	1
3381	3381	1
3383	3383	1
3383	3384	1
3384	3381	1
3385	3386	1
3386	3386	1
3386	3388	1
3388	3376	1
3398	3398	1
3401	3398	1
3401	3401	1
3423	2668	1
3438	3439	1
3439	3439	1
3443	3443	1
3444	3444	1
3444	3445	1
3445	3443	1
3445	3445	1
3457	2668	1
3457	3457	1
3462	3464	1
3464	3471	1
3465	3462	1
3467	3468	1
3468	3468	1
3468	3469	1
3469	3469	1
3471	3471	1
3471	3472	1
3472	3474	1
3474	5062	1
3476	2478	1
3477	3373	1
3477	3477	1
3511	3511	1
3511	5501	1
3520	3549	1
3542	3542	1
3542	4178	1
3543	3542	1
3547	3547	1
3548	3547	1
3548	3548	1
3549	3548	1
3556	3560	1
3558	3556	1
3558	3558	1
3559	3563	1
3560	3560	2
3560	3561	1
3563	3560	1
3565	3559	1
3566	3565	1
3566	3566	1
3567	3566	1
3568	3567	1
3568	3568	1
3574	3574	1
3574	3575	1
3575	3558	1
3575	3575	1
3581	3581	1
3581	3582	1
3581	3584	1
3583	3568	1
3583	3583	1
3584	3583	1
3584	3584	1
3585	3581	1
3585	3585	1
3586	3585	1
3586	3586	1
3590	3586	1
3595	3641	1
3597	3590	1
3603	3597	1
3606	3606	1
3606	3610	1
3607	3607	1
3607	3608	1
3608	3606	1
3609	3607	1
3610	3610	2
3610	3648	1
3611	3609	1
3611	3611	1
3612	3611	1
3613	3574	1
3623	3511	1
3641	3684	1
3642	3610	1
3642	3642	1
3648	3648	1
3660	3660	1
3660	3665	1
3661	3660	1
3661	3661	1
3662	3661	1
3665	3665	1
3665	3666	1
3666	3666	1
3667	3669	1
3669	3669	1
3669	3670	1
3670	3670	1
3670	3688	1
3684	3603	1
3688	3688	1
3688	4178	1
3696	3696	2
3696	3698	1
3696	5200	1
3697	4787	1
3698	3698	1
3700	3697	1
3700	3704	1
3704	3704	1
3704	3705	1
3705	3705	1
3705	3706	1
3706	3696	1
3711	3722	1
3712	3710	1
3712	3712	1
3722	3712	1
3726	5167	1
3803	6453	1
3805	3805	1
3807	3586	1
3807	3807	1
3812	3807	1
3812	3812	1
3827	3803	1
3833	3827	1
3834	3834	1
3839	4178	1
3902	3902	1
3902	3971	1
3903	3984	1
3917	4052	1
3918	4166	1
3922	3922	1
3922	3930	1
3923	3924	1
3924	3922	1
3924	3924	1
3930	3930	1
3930	3932	1
3932	3932	1
3932	3933	1
3933	3933	1
3940	3957	1
3941	3950	1
3950	3950	1
3954	3954	1
3955	3955	2
3955	3956	1
3956	3956	1
3956	4169	1
3957	3954	1
3957	3957	1
3957	4178	1
3966	3902	1
3970	3973	1
3971	3971	2
3971	3972	2
3972	3972	2
3972	3976	1
3972	3989	1
3973	3971	1
3973	3973	1
3974	3977	1
3976	3976	2
3977	3976	1
3977	3977	1
3984	3984	1
3989	3903	1
3995	5501	1
4052	4052	1
4052	4170	1
4057	4057	1
4067	4178	1
4069	4069	1
4069	4154	1
4070	4070	1
4070	4071	1
4071	4071	1
4071	4081	1
4073	4073	1
4073	4074	1
4074	4070	1
4074	4074	1
4075	4077	1
4076	4075	1
4077	4073	1
4077	4077	1
4081	4057	1
4081	4081	1
4085	4085	1
4090	4090	1
4090	4171	1
4091	4090	1
4093	4093	1
4095	4134	1
4104	4104	1
4107	4201	1
4134	4134	1
4134	4136	1
4135	4135	1
4135	4139	1
4136	4135	1
4137	7367	1
4139	4139	2
4139	4156	1
4146	4146	1
4146	4158	1
4150	4069	1
4150	4150	1
4151	4150	1
4151	4151	1
4152	4154	1
4154	4146	1
4154	4154	2
4154	4155	1
4155	4151	1
4155	4155	1
4156	4157	1
4157	7029	1
4158	4158	1
4166	3955	1
4166	4085	1
4166	4166	2
4168	4093	1
4168	4168	1
4169	3957	1
4169	4169	1
4170	4170	1
4171	4139	1
4171	4171	1
4178	3642	1
4178	3805	1
4178	4166	1
4178	5198	1
4178	5355	1
4178	6401	1
4178	6467	1
4201	4104	1
4201	4201	1
4206	4243	1
4207	4207	1
4211	4258	1
4214	4214	1
4214	4367	1
4220	4220	1
4220	4225	1
4221	4220	1
4224	4224	1
4224	4227	1
4225	4224	1
4225	4225	1
4227	4227	1
4232	4242	1
4238	4238	1
4239	4239	1
4239	4242	1
4240	4238	1
4240	4240	1
4241	4240	1
4241	4241	1
4242	4207	1
4242	4241	1
4242	4242	2
4243	4243	1
4243	4244	1
4244	4239	1
4244	4244	1
4258	4258	1
4309	4311	1
4311	4604	1
4311	5935	1
4315	4315	1
4315	5921	1
4316	4315	1
4316	4316	1
4317	4316	1
4317	4317	1
4318	4318	2
4318	4319	1
4318	4322	1
4319	4318	1
4319	4319	2
4319	4320	1
4320	4319	1
4320	4320	2
4320	4321	1
4321	4317	1
4321	4320	1
4321	4321	1
4322	4318	1
4322	4323	1
4323	4323	1
4323	4324	1
4324	4327	1
4325	4328	1
4327	4325	1
4327	4327	1
4328	4328	1
4331	4331	1
4331	4333	1
4333	3362	1
4333	4333	1
4341	4341	1
4341	5501	1
4342	4345	1
4343	4311	1
4343	4343	1
4345	4604	1
4361	4341	1
4363	4343	1
4363	4363	1
4367	4367	1
4367	4604	1
4368	4363	1
4368	4368	1
4371	4629	1
4375	4375	1
4379	4379	1
4379	4381	1
4381	4375	1
4381	4381	1
4387	4368	1
4388	4379	1
4394	4395	1
4395	4395	2
4395	5845	1
4411	4395	1
4415	4415	1
4415	4417	1
4416	4415	1
4416	4416	1
4420	4420	1
4420	4422	1
4420	4423	1
4421	4420	1
4421	4421	1
4422	4421	1
4422	4422	2
4422	5846	1
4423	4416	1
4423	4423	1
4453	4454	1
4454	4508	1
4455	4455	1
4456	4459	1
4459	4459	1
4463	4463	1
4463	4486	1
4471	4471	1
4472	4471	1
4481	4481	1
4486	4486	1
4489	4489	1
4495	4463	1
4502	4502	1
4503	4507	1
4504	4455	1
4504	4504	1
4507	2103	1
4507	4507	1
4508	4504	1
4508	4508	1
4514	4542	1
4542	4542	1
4543	4543	1
4545	4543	1
4545	4545	1
4546	4545	1
4546	4546	1
4550	4546	1
4553	4607	1
4568	3362	1
4603	4456	1
4603	4603	2
4604	30	1
4604	2405	1
4604	2418	1
4604	2962	1
4604	4168	1
4604	4603	1
4604	5519	1
4604	6967	1
4607	4481	1
4629	5978	1
4629	7014	1
4634	1788	1
4634	2004	1
4634	4489	1
4634	4511	1
4634	4603	1
4634	4634	1
4634	5297	1
4634	5319	1
4634	5407	1
4634	5428	1
4634	6883	1
4634	6981	1
4652	4652	1
4652	4663	1
4654	4652	1
4660	4660	1
4662	4662	1
4662	4664	1
4663	4662	1
4663	4663	1
4664	4664	1
4672	4673	1
4673	4673	1
4673	4675	1
4675	2668	1
4675	4675	1
4699	2767	1
4722	4660	1
4722	5085	1
4756	4760	1
4757	4757	1
4759	4759	1
4759	4761	1
4760	4759	1
4760	4760	1
4761	4761	1
4761	4801	1
4772	4793	1
4779	4803	1
4782	4805	1
4784	4785	1
4785	4782	1
4787	3696	1
4787	4784	1
4787	4787	1
4788	4789	1
4789	4790	1
4790	4790	1
4790	4791	1
4791	4791	1
4791	4792	1
4792	4772	1
4792	4792	1
4793	4793	1
4793	4794	1
4794	4795	1
4796	4604	1
4796	4796	1
4801	4757	1
4801	4779	1
4801	4801	1
4803	4803	1
4805	4803	1
4806	4796	1
4851	4851	1
4851	4870	1
4852	4851	1
4852	4852	1
4853	4852	1
4857	4857	1
4857	4860	1
4858	4858	1
4858	4859	1
4859	4859	1
4860	4858	1
4860	4860	1
4861	4864	1
4864	4857	1
4864	4864	1
4865	4865	1
4866	4889	1
4870	4870	1
4870	4871	1
4871	4871	1
4871	4872	1
4872	4872	1
4888	4888	1
4888	4890	1
4889	4888	1
4890	4895	1
4892	4921	1
4895	4892	1
4895	4895	1
4898	4898	1
4913	4898	1
4913	4913	1
4914	4915	1
4915	4913	1
4915	4915	1
4921	4806	1
4921	4921	1
4921	4926	1
4926	4926	1
4926	4928	1
4928	4865	1
4954	4954	1
4954	4978	1
4962	4974	1
4964	4964	1
4969	4969	1
4969	4970	1
4970	5000	1
4971	4969	1
4972	4971	1
4974	4972	1
4974	4974	2
4974	4993	1
4978	3359	1
4978	4978	1
4983	4988	1
4988	4988	1
4988	4989	1
4989	4974	1
4989	4989	1
4993	4994	1
4994	4995	1
4995	4995	1
4995	4997	1
4997	3502	1
4997	4997	1
4997	5084	1
4999	5001	1
5000	4999	1
5000	5000	1
5001	4964	1
5001	5001	1
5006	2668	1
5006	5006	1
5006	6377	1
5007	5006	1
5007	5007	1
5007	5008	1
5008	2668	1
5008	5008	1
5008	5021	1
5012	5006	1
5012	5007	2
5019	5024	1
5021	4954	1
5021	5021	1
5024	5024	1
5024	5025	1
5025	5025	1
5025	5030	1
5026	5027	1
5027	5027	1
5030	5030	1
5031	5031	1
5031	5043	1
5043	5045	1
5044	5031	1
5044	5044	1
5045	5045	1
5048	3457	1
5048	5048	1
5058	5088	1
5060	5061	1
5061	5061	1
5061	5065	1
5062	5063	1
5063	5063	1
5065	5065	1
5072	5073	1
5073	5073	1
5073	5074	1
5074	5074	1
5074	5075	1
5075	5044	1
5075	5075	1
5078	5048	1
5084	2668	1
5084	4699	1
5084	5084	1
5085	4604	1
5085	5085	1
5088	2729	1
5118	5501	1
5126	5126	1
5126	5130	1
5128	5129	1
5129	5126	1
5129	5129	2
5130	5130	1
5130	5132	1
5132	5135	1
5133	5133	1
5135	5133	1
5135	5135	1
5157	5162	1
5162	5162	1
5162	5166	1
5166	5166	1
5167	5187	1
5169	5185	1
5182	5182	1
5182	5199	1
5185	5185	1
5185	5187	1
5186	5186	1
5187	4921	1
5187	5187	1
5187	5191	1
5198	5129	1
5198	5198	1
5199	5199	1
5200	5182	1
5253	5632	1
5254	5254	1
5254	5256	1
5256	5281	1
5263	5263	1
5263	5275	1
5269	5263	1
5273	5273	1
5273	5276	1
5275	5254	1
5275	5275	1
5276	5278	1
5278	5278	1
5278	5279	1
5281	5273	1
5297	5297	1
5298	5299	1
5299	5362	1
5305	5347	1
5307	5307	1
5314	5314	1
5315	5315	1
5315	5316	1
5316	5316	3
5316	5350	1
5317	5317	1
5317	5333	1
5318	5317	1
5318	5318	1
5318	5320	1
5319	5318	1
5319	5319	2
5319	5474	1
5320	5320	1
5324	5319	1
5324	5324	2
5332	5332	1
5332	5334	1
5333	5332	1
5334	5324	1
5334	5334	1
5335	5335	2
5342	5324	1
5345	5355	1
5347	5316	2
5347	5347	1
5349	4604	1
5350	5350	1
5350	5755	1
5351	5391	1
5353	5335	1
5353	5342	1
5353	5353	1
5355	5355	3
5355	6178	1
5359	5359	1
5362	5362	1
5363	5335	1
5363	5363	1
5363	5366	1
5364	5389	1
5366	5366	1
5369	5373	1
5370	5370	1
5371	5370	1
5371	5371	1
5371	5393	1
5373	5373	1
5373	5381	1
5381	5381	1
5385	5351	1
5387	5371	1
5389	5363	1
5389	5389	1
5393	5394	1
5394	5394	1
5407	5407	2
5407	5745	1
5410	5353	1
5421	5426	1
5424	5425	1
5426	5424	1
5428	5428	1
5428	5470	1
5429	5429	1
5429	5432	1
5432	5432	1
5433	5429	1
5437	5437	1
5437	5439	1
5438	5437	1
5439	5439	1
5439	5445	1
5445	5445	1
5446	5446	1
5446	5451	1
5447	5446	1
5449	5421	1
5449	5449	1
5451	5451	1
5451	5452	1
5452	5452	1
5453	5453	1
5454	5453	1
5455	5458	1
5458	5458	1
5463	5455	1
5466	5467	1
5467	5443	1
5467	5467	1
5470	5470	1
5474	5385	1
5474	5474	1
5475	4634	1
5475	5475	1
5476	5475	1
5476	5476	1
5477	5476	1
5481	2668	1
5481	3363	1
5481	5481	2
5484	3365	1
5486	5449	1
5486	5486	1
5489	5481	1
5501	5186	1
5501	5743	1
5501	6094	1
5501	7377	1
5501	7378	1
5507	3362	1
5509	5489	1
5514	940	1
5514	4634	1
5514	5359	1
5515	5516	1
5516	5486	1
5516	5516	1
5519	5509	1
5526	5522	1
5527	3401	1
5527	5527	2
5527	5528	1
5528	5526	1
5530	5527	1
5530	5535	1
5531	5532	1
5532	5535	1
5532	5536	1
5533	5530	1
5534	5536	1
5535	5533	1
5535	5534	1
5535	5535	1
5536	4634	1
5536	5527	1
5536	5536	1
5538	5501	1
5552	5609	1
5596	5596	1
5596	5601	1
5597	5596	1
5601	5531	1
5609	5597	1
5617	5617	1
5631	5631	1
5631	5679	1
5632	5617	1
5632	5631	1
5632	5632	1
5641	4634	1
5648	5682	1
5656	5656	1
5664	5656	1
5664	5664	1
5666	5664	1
5675	5675	1
5677	5675	1
5679	5698	1
5682	5682	1
5682	5683	1
5683	5683	1
5687	5688	1
5688	5688	1
5688	5696	1
5694	5694	1
5694	5909	2
5696	5694	1
5698	4604	1
5698	5698	1
5709	5720	1
5710	5709	1
5713	5710	1
5720	5694	1
5726	4634	1
5726	5314	1
5726	5726	2
5728	5729	1
5729	5726	1
5729	5729	1
5730	4634	1
5743	5743	1
5743	5744	1
5744	5744	1
5745	5407	1
5745	5745	1
5746	5726	1
5747	5315	1
5752	5752	1
5755	5752	1
5755	5755	1
5760	5760	1
5760	5761	1
5761	5761	1
5770	5760	1
5770	5770	1
5783	5862	1
5806	3362	1
5806	5806	1
5809	5770	1
5810	5810	1
5823	5840	1
5828	4342	1
5828	5783	1
5828	5828	1
5840	5828	1
5845	4422	1
5846	5806	1
5850	5851	1
5851	5851	1
5851	5857	1
5852	5852	1
5854	5852	1
5857	5857	1
5857	5860	1
5858	5823	1
5860	5860	1
5861	5828	1
5862	5854	1
5862	5862	1
5864	5866	1
5865	5865	1
5865	5947	1
5866	5867	1
5867	5865	1
5867	5867	1
5879	5864	1
5885	5886	1
5886	5900	1
5892	5892	1
5892	5895	3
5894	5892	2
5894	5894	2
5895	5895	1
5895	5896	2
5896	5885	2
5896	5896	2
5899	5904	1
5900	5899	1
5901	5901	1
5901	5902	2
5902	5902	2
5902	5913	1
5903	5905	1
5903	5907	1
5903	5917	1
5904	5903	1
5905	5905	2
5905	5906	1
5905	5916	1
5907	5907	1
5907	5908	1
5908	5905	1
5909	5894	2
5909	5909	1
5913	5913	1
5916	5901	1
5916	5916	2
5917	5916	1
5917	5917	1
5921	5921	1
5926	5926	1
5927	5927	1
5927	5943	1
5928	5927	1
5935	5936	1
5936	5937	1
5937	5937	1
5937	5941	1
5941	3412	1
5943	4331	1
5943	5943	1
5943	5944	1
5944	5945	1
5944	6955	1
5945	5926	1
5945	5945	1
5945	5955	1
5946	5946	1
5946	5950	1
5947	5947	1
5950	4338	1
5950	5950	1
5953	5858	1
5954	5957	1
5955	5956	1
5956	5954	1
5956	5956	1
5957	5946	1
5960	4604	1
5960	5960	1
5969	5969	1
5972	5974	1
5974	5974	1
5974	5976	1
5976	5969	1
5976	5976	1
5978	5978	1
5985	5990	1
5987	5985	1
5987	5987	1
5987	6185	1
5989	6044	1
5990	5993	1
5993	5989	1
5999	6007	1
6007	6105	1
6008	6008	1
6008	6143	1
6009	4178	1
6016	6016	1
6017	6016	1
6026	6026	1
6028	6026	1
6033	3955	1
6037	6037	1
6037	6066	1
6043	6037	1
6044	6044	1
6044	6175	1
6062	6062	1
6062	6063	1
6063	6043	1
6066	6033	1
6073	6073	1
6073	6074	1
6074	6074	1
6074	6083	1
6078	6062	1
6081	6125	1
6083	6083	1
6089	6090	1
6090	6073	1
6090	6090	1
6094	6094	1
6105	6107	1
6106	6106	1
6106	6109	1
6107	6106	1
6107	6107	1
6109	6008	1
6109	6109	1
6112	6112	1
6115	6115	1
6115	6121	1
6117	6115	1
6118	6117	1
6118	6118	1
6119	6118	1
6119	6119	1
6120	6119	1
6120	6120	1
6121	6112	1
6121	6121	1
6123	6120	1
6125	6103	1
6125	6125	1
6136	6150	1
6143	6143	1
6145	6145	1
6150	6152	1
6152	6152	1
6156	4178	1
6163	6163	1
6165	5501	1
6165	6165	1
6168	6168	1
6168	6185	1
6169	6168	1
6171	6163	1
6174	5501	1
6174	6174	1
6174	6176	1
6175	6175	1
6176	6176	1
6178	6174	1
6183	5987	1
6184	6184	1
6184	6193	1
6185	6184	1
6185	6185	2
6185	6188	1
6186	6186	1
6186	6192	1
6188	6186	1
6188	6188	1
6191	6185	1
6192	6195	1
6193	6193	1
6193	6194	1
6194	5307	1
6194	6194	1
6195	5810	1
6195	6195	1
6198	6269	1
6203	6165	1
6207	4178	1
6209	6209	1
6209	6273	1
6216	6216	1
6218	4178	1
6224	6216	1
6224	6224	1
6225	6224	1
6228	6228	1
6231	6233	1
6233	6228	1
6233	6233	1
6235	6235	1
6236	6209	1
6238	6258	1
6239	6238	1
6240	6198	1
6242	5355	1
6242	6242	1
6244	6245	1
6245	4178	1
6245	6245	1
6245	6246	1
6246	6246	1
6246	6247	1
6247	6247	1
6247	6251	1
6248	6248	1
6248	6254	1
6251	6251	1
6254	3362	1
6254	6254	1
6258	6236	1
6258	6258	1
6261	6248	1
6265	6239	1
6269	6244	1
6273	6214	1
6273	6274	1
6274	6240	1
6274	6242	1
6274	6274	1
6304	6306	1
6306	6306	1
6306	6307	1
6307	6308	1
6308	6308	1
6308	6311	1
6310	6235	1
6311	6310	1
6311	6311	1
6317	6317	1
6323	6317	1
6324	6341	1
6326	6323	1
6327	4178	1
6327	6327	2
6327	6363	1
6328	6327	1
6328	6328	1
6330	6330	1
6330	6332	1
6332	6332	1
6332	6335	1
6333	6330	1
6333	6333	1
6334	6326	1
6334	6334	1
6335	6334	1
6335	6335	1
6337	6333	1
6341	6328	1
6344	6345	1
6345	3834	1
6345	6274	1
6345	6345	2
6348	6348	1
6348	6349	1
6349	6344	1
6349	6345	1
6350	6351	2
6351	6348	1
6351	6349	1
6353	6327	1
6355	6355	1
6357	6360	1
6358	6358	1
6360	6360	1
6360	6361	1
6361	6361	1
6361	6364	1
6363	6355	1
6363	6363	1
6364	6364	1
6371	6357	1
6377	6380	1
6377	6381	1
6380	6358	1
6380	6380	1
6389	6477	1
6392	6377	1
6392	6392	1
6396	6396	1
6401	6396	1
6401	6401	1
6403	6404	1
6404	6404	1
6404	6412	1
6412	6416	1
6416	6416	1
6416	6418	1
6417	6417	1
6417	6475	1
6418	6417	1
6418	6418	1
6420	6461	1
6431	6431	1
6436	6431	1
6436	6436	1
6446	6436	1
6453	3812	1
6453	6392	1
6453	6453	2
6455	5501	1
6455	6455	1
6458	6458	1
6458	6474	1
6461	6455	1
6461	6461	1
6467	6467	1
6470	6470	1
6471	6470	1
6471	6471	1
6474	6471	1
6475	6458	1
6475	6475	1
6477	6453	1
6477	6477	1
6478	6480	1
6480	6480	1
6480	6483	1
6483	6498	1
6486	6498	1
6488	6489	1
6489	6486	1
6498	6498	2
6498	6513	1
6513	3362	1
6513	6513	1
6514	6515	1
6515	6523	1
6517	6562	1
6523	6529	1
6529	6529	1
6529	6539	1
6539	6531	1
6552	4178	1
6561	6561	1
6562	6561	1
6607	6607	1
6610	6610	2
6610	6622	1
6614	6610	1
6622	6622	1
6622	6624	1
6624	6607	1
6701	6702	1
6702	6702	1
6702	6704	1
6703	7253	1
6704	6704	1
6711	6711	1
6711	6712	1
6712	6712	1
6719	6719	1
6719	6720	1
6720	6720	1
6720	6723	1
6721	1207	1
6722	6725	1
6725	1154	1
6725	6725	1
6727	6728	1
6728	6728	1
6728	6732	1
6731	6719	1
6731	6731	1
6732	6731	1
6732	6732	2
6733	6732	1
6741	6741	2
6741	6746	1
6742	6741	1
6742	6742	1
6745	6742	1
6745	6745	1
6746	6813	1
6747	6750	1
6749	6745	1
6749	6749	1
6750	6749	1
6750	6750	1
6762	6762	1
6762	99999923	1
6767	6741	1
6767	6795	1
6767	6832	1
6772	4604	1
6772	6772	1
6773	6762	1
6773	6767	1
6773	6773	1
6774	6775	1
6775	6773	1
6775	6775	1
6776	6767	1
6776	6776	1
6776	6811	1
6784	6784	1
6791	979	1
6791	6791	1
6794	6841	1
6795	6795	2
6796	6795	1
6802	1210	1
6803	1210	1
6803	6803	1
6807	6776	1
6811	6811	1
6813	6813	1
6820	7261	1
6823	7253	1
6832	6832	1
6832	6875	1
6836	6796	1
6838	6838	1
6839	6838	1
6841	6843	1
6843	6843	1
6843	6847	1
6844	979	1
6844	6844	1
6845	6845	2
6846	6845	1
6846	6846	1
6847	6844	1
6847	6846	1
6847	6847	2
6848	6849	1
6849	6847	1
6849	6849	1
6850	1520	1
6850	6850	1
6854	6845	1
6854	6854	1
6855	6854	1
6855	6855	1
6856	6857	1
6857	6855	1
6857	6857	1
6860	6784	1
6860	6860	1
6861	6867	1
6862	6860	1
6863	6791	1
6865	6863	1
6865	6865	1
6866	6865	1
6866	6866	1
6867	6866	1
6867	6867	1
6873	4604	1
6875	6875	1
6883	6883	1
6918	5514	1
6918	6919	1
6919	6919	1
6919	6961	1
6923	6924	1
6924	6924	1
6929	99999923	1
6938	4629	1
6946	6946	1
6946	7279	1
6949	4634	1
6953	6953	1
6955	7024	1
6955	7301	1
6956	6953	1
6956	6956	1
6957	6956	1
6957	6957	1
6960	6961	1
6961	6961	2
6961	6962	1
6962	6957	1
6962	6962	1
6977	6968	1
6977	6977	2
6979	6977	2
6981	6955	1
6983	6985	1
6985	6985	1
6985	6986	1
6986	6979	1
6986	6986	1
6999	6999	1
7000	7000	1
7000	7001	1
7001	7002	1
7002	6999	1
7002	7002	1
7010	5960	1
7014	7014	2
7016	7016	1
7017	7014	1
7017	7017	1
7018	7017	1
7018	7018	1
7019	7018	1
7022	7016	1
7022	7022	1
7023	7022	1
7023	7023	1
7024	7023	1
7024	7024	1
7024	7302	1
7025	6979	1
7025	7025	1
7027	4214	1
7028	5501	1
7029	5501	1
7029	7029	1
7030	4604	1
7032	3362	1
7032	4604	1
7032	7032	2
7035	7296	1
7037	6955	1
7040	6955	1
7040	7350	1
7046	4178	1
7046	7047	1
7047	7047	1
7047	7051	1
7049	7049	1
7050	7049	1
7050	7050	1
7051	7051	3
7051	7052	1
7052	5501	1
7052	7052	1
7052	7066	1
7057	7057	1
7061	7063	1
7063	7063	1
7066	7066	1
7069	7070	1
7070	7070	1
7071	4178	1
7073	7073	1
7073	7098	1
7074	7073	1
7074	7074	1
7078	7074	1
7081	7081	1
7095	7081	1
7095	7095	1
7098	7098	1
7100	7078	1
7103	7095	1
7103	7103	1
7105	7106	1
7106	5501	1
7106	7106	1
7108	7103	1
7108	7108	1
7109	7103	1
7111	7111	1
7111	7112	1
7112	7111	1
7112	7112	1
7112	7116	1
7116	7116	1
7131	7135	1
7134	7134	1
7134	7138	1
7135	7134	1
7138	7140	1
7140	7140	2
7140	7141	1
7141	7141	1
7142	7140	2
7142	7142	1
7143	7142	2
7144	7144	1
7150	7151	1
7151	7151	1
7151	7152	1
7152	7153	1
7153	7108	1
7153	7153	1
7156	3726	1
7157	7160	1
7160	7160	1
7160	7163	1
7163	7163	1
7163	7164	1
7163	7170	1
7164	7164	1
7164	7165	1
7165	7165	1
7165	7166	1
7166	7166	1
7169	4178	1
7170	7144	1
7170	7170	1
7171	4178	1
7172	7172	1
7180	7172	1
7181	7180	1
7183	7201	1
7201	5501	1
7201	7201	1
7203	7203	1
7203	7206	1
7205	7205	1
7205	7206	1
7206	7206	2
7206	7207	3
7207	7207	3
7207	7208	1
7208	7208	1
7210	7205	1
7211	7203	1
7211	7206	1
7211	7211	1
7212	7213	1
7213	7211	1
7213	7213	1
7214	7212	1
7234	4178	1
7236	7236	1
7238	7236	1
7241	7241	1
7241	7242	1
7242	7242	1
7243	7273	1
7244	7241	1
7247	7247	1
7248	7247	1
7248	7253	1
7251	7248	1
7253	6711	1
7253	6772	1
7253	7254	1
7254	7254	1
7255	7256	1
7256	99999923	1
7257	7257	1
7260	7257	1
7261	6946	1
7261	7261	1
7267	7269	2
7269	7269	2
7270	7270	1
7271	7271	1
7272	7271	1
7273	7273	1
7273	7274	1
7273	99999923	1
7274	6767	1
7274	7274	1
7279	7279	1
7280	3362	1
7282	6955	1
7286	7286	1
7292	7292	1
7295	7286	1
7295	7292	1
7296	7032	1
7296	7296	2
7297	7296	1
7297	7297	1
7297	7300	1
7299	7297	1
7300	7300	1
7300	7301	1
7301	7301	2
7301	7304	1
7302	7302	1
7302	7304	1
7303	7303	1
7304	7032	1
7304	7303	1
7304	7304	2
7308	7322	1
7311	7318	1
7313	7311	1
7313	7313	1
7313	7320	1
7316	99999917	1
7317	7318	1
7318	7318	2
7320	7320	1
7321	7321	1
7322	7313	1
7322	7322	1
7323	7323	1
7324	7321	1
7324	7323	1
7324	7326	1
7326	7326	1
7326	7328	1
7326	99999917	1
7328	7328	1
7330	7399	1
7331	7331	1
7333	7331	1
7333	7333	2
7334	7333	2
7334	7334	1
7338	7399	1
7340	7340	2
7345	7399	1
7348	7348	2
7350	7348	2
7350	7350	1
7354	7399	1
7360	7363	1
7362	7362	1
7363	7363	1
7366	7366	1
7367	7366	1
7367	7367	2
7369	7340	1
7372	7372	1
7372	7373	1
7372	7399	1
7373	7373	2
7374	7373	1
7377	7377	1
7378	7378	1
7378	7399	1
7380	7051	1
7380	7380	1
7381	7051	1
7382	3362	1
7386	99999933	1
7390	3362	1
7392	7400	1
7394	7399	1
7398	7398	1
7399	7050	1
7399	7057	1
7399	7334	1
7399	7340	1
7399	7367	1
7399	7372	1
7399	7380	1
7399	7398	1
7400	7400	1
99999923	7270	1
99999933	7334	1
