ORIG	DEST	N_TOT
14	14	1
14	17	1
16	14	1
16	16	1
17	17	1
17	94	1
19	92	1
21	21	1
21	22	1
22	22	1
43	51	1
44	45	1
45	45	1
45	55	1
46	47	1
47	47	1
47	48	1
48	48	1
51	51	1
51	52	1
52	52	1
52	930	1
55	55	1
69	71	1
71	71	1
72	72	1
83	91	1
84	85	1
85	85	1
91	21	1
91	91	1
92	16	1
92	92	1
94	94	1
94	95	1
95	96	1
96	96	1
110	110	1
110	117	1
111	110	1
117	117	1
128	129	1
129	129	1
129	143	1
135	135	1
136	135	1
136	136	1
137	136	1
137	137	1
138	138	1
138	139	1
139	139	1
139	140	1
139	149	1
140	140	1
143	143	1
145	1008	1
149	149	1
150	155	1
151	138	1
151	151	1
152	151	1
153	152	1
153	153	1
155	155	2
155	156	1
156	156	1
167	167	1
167	175	1
172	172	1
172	174	1
173	173	1
174	167	1
174	174	1
174	175	1
175	175	3
175	178	2
176	173	1
176	175	1
176	176	1
177	177	1
178	177	1
178	178	1
178	187	1
180	181	1
181	182	1
182	183	1
183	195	1
185	172	1
185	185	1
186	176	1
187	187	1
190	192	1
192	192	1
192	193	1
193	193	1
193	196	1
195	185	1
195	195	1
196	196	2
196	570	1
197	196	1
197	197	1
202	155	1
203	203	1
209	248	1
213	203	1
231	231	1
232	232	1
234	234	1
236	236	1
242	236	1
243	244	1
244	244	1
244	254	1
245	245	1
247	247	1
247	557	1
248	247	1
248	248	2
248	556	1
249	248	1
249	249	1
250	250	1
250	979	1
253	253	1
254	253	1
254	254	1
262	262	1
262	269	1
263	234	1
263	262	1
263	263	1
268	263	1
268	268	1
269	269	1
271	231	1
271	232	1
271	271	1
272	268	1
272	272	1
273	272	1
273	273	1
276	273	1
276	276	1
277	277	1
277	279	1
278	276	1
279	279	1
279	282	1
282	282	1
287	277	1
300	527	1
300	553	1
301	301	1
301	566	1
302	525	1
303	303	1
303	305	1
304	300	1
305	305	1
319	319	2
319	472	1
320	319	2
321	321	1
321	324	1
322	322	1
324	324	1
329	321	1
330	322	1
330	330	1
341	341	1
347	2668	1
349	349	1
349	2668	1
356	356	1
356	2261	1
357	356	1
357	357	1
358	357	1
373	375	1
375	349	1
375	375	1
394	394	1
395	394	1
395	395	1
396	395	1
402	402	1
402	404	1
403	402	1
403	405	1
404	404	1
404	405	1
405	405	2
405	408	1
405	409	1
406	406	2
408	408	1
408	441	1
409	406	2
409	409	2
410	409	1
411	411	1
425	425	1
432	436	1
436	436	2
436	441	1
437	438	1
438	436	1
438	438	1
440	440	1
441	440	1
441	441	2
446	447	1
447	447	1
458	458	1
461	458	1
461	461	1
462	461	1
468	469	1
469	469	1
469	1044	1
472	472	1
472	473	1
473	330	1
473	473	1
486	486	1
487	486	1
487	487	1
488	695	1
490	487	1
490	490	2
491	490	2
491	491	2
492	492	1
496	492	1
501	502	1
502	502	1
502	651	1
511	512	1
512	512	1
512	650	1
514	511	1
514	514	2
515	514	1
516	516	1
516	518	1
516	531	1
517	516	1
518	518	1
518	532	1
523	979	1
525	304	1
527	527	1
531	531	1
531	532	1
532	514	1
532	515	1
532	532	2
537	537	1
541	541	1
541	543	1
543	543	1
543	544	1
544	544	1
544	547	2
546	539	1
547	537	1
547	547	1
547	548	1
548	550	1
549	546	1
550	549	1
553	301	1
553	553	2
555	249	1
556	556	1
556	557	1
557	245	1
557	250	1
557	557	2
563	197	1
563	563	1
565	568	1
566	565	1
566	566	1
566	567	1
567	553	1
567	567	1
567	568	1
568	562	1
568	568	2
570	604	1
571	572	1
572	563	1
572	572	1
573	575	1
575	597	1
576	573	1
578	578	1
587	587	1
592	592	1
593	593	1
594	593	1
597	597	1
597	612	2
598	578	1
602	576	1
604	602	1
606	606	1
607	541	1
607	607	1
609	607	1
611	612	1
612	592	1
612	606	1
612	612	3
612	613	1
613	613	1
613	614	1
614	587	1
614	614	1
616	616	1
616	908	1
617	617	1
618	616	1
618	618	1
633	633	1
633	635	1
634	633	1
634	634	1
635	635	1
635	636	1
636	541	1
637	609	1
642	634	1
642	642	1
643	642	1
644	644	1
646	644	1
650	650	1
651	651	1
653	656	1
656	656	1
661	662	1
662	662	1
662	901	1
667	667	1
667	669	1
668	491	1
668	668	1
669	668	1
669	669	1
670	667	1
675	676	1
676	676	1
678	678	2
678	681	1
679	678	1
679	679	2
679	680	1
680	680	1
681	680	1
681	681	1
695	695	1
695	696	1
696	696	1
696	699	1
699	699	1
699	700	1
700	700	1
700	702	1
702	702	1
704	704	1
706	704	1
706	706	1
715	706	1
719	719	1
719	722	1
721	725	1
722	723	1
723	723	2
723	724	2
724	721	1
724	724	2
724	726	1
725	719	1
725	725	1
725	731	1
726	726	1
726	734	1
729	729	1
730	723	1
731	729	1
731	731	1
734	735	1
735	735	1
737	725	1
747	747	1
747	749	1
768	809	1
777	780	1
779	779	1
780	779	1
780	780	1
787	788	1
788	679	2
788	788	2
789	788	1
790	795	1
795	795	2
795	796	1
796	796	1
802	817	1
807	807	1
807	809	1
808	807	1
808	808	2
809	809	2
809	810	2
810	808	2
810	810	2
814	816	1
816	816	1
816	825	1
817	814	1
817	817	1
824	795	1
824	824	1
825	824	1
825	825	1
826	789	1
826	826	1
827	826	1
827	827	1
827	828	1
828	828	1
829	827	1
831	832	1
832	829	1
835	827	1
835	835	1
835	836	1
836	836	1
836	839	1
837	835	1
837	837	1
838	837	1
839	840	1
840	840	1
840	845	1
841	678	1
841	841	1
844	846	1
845	841	1
846	846	1
846	847	1
847	847	1
847	851	1
848	848	1
848	850	1
850	850	1
851	848	1
851	851	1
863	863	1
864	863	1
864	864	1
886	886	2
886	888	1
888	864	1
888	888	1
899	905	1
901	901	1
902	902	1
902	903	1
903	903	1
905	618	1
905	902	1
905	905	2
906	905	1
908	886	1
908	908	1
912	617	1
912	912	1
913	886	1
913	913	1
914	913	1
916	912	1
916	916	1
917	914	1
917	916	1
917	917	1
919	917	1
922	917	1
927	72	1
929	929	1
930	929	1
930	930	1
930	931	1
931	931	1
935	938	1
936	936	1
936	937	1
937	937	1
938	936	1
938	938	1
942	942	1
942	976	1
943	942	1
944	944	1
944	975	1
945	945	1
945	946	1
946	946	1
950	1876	1
955	955	1
956	955	1
956	956	1
962	956	1
970	945	1
974	986	1
975	977	1
976	944	1
976	976	1
977	977	1
977	979	1
979	303	1
979	491	1
979	979	1
979	1456	1
979	2353	1
986	986	1
986	988	1
988	988	1
1008	1425	1
1018	1019	1
1019	1019	1
1019	1020	1
1020	1020	1
1020	2032	1
1021	1028	1
1028	1028	2
1028	2006	1
1028	2009	1
1031	1028	1
1031	1031	2
1031	1035	1
1032	1031	1
1032	1032	1
1032	2007	1
1033	1032	1
1033	2005	1
1034	1042	1
1035	1035	1
1042	1042	1
1042	1043	1
1043	1043	1
1050	1054	1
1051	1051	1
1052	1051	1
1052	1052	1
1054	1052	1
1054	1054	1
1154	1154	1
1154	7241	1
1155	1154	1
1159	1155	1
1164	1164	1
1164	1165	1
1164	1294	1
1165	1164	1
1165	1165	1
1171	1171	1
1171	1177	1
1172	1171	1
1172	1293	1
1175	1180	1
1176	1175	1
1177	1176	1
1177	1177	1
1180	1172	1
1193	1193	1
1193	1203	1
1194	1193	1
1194	1194	1
1195	1196	1
1196	1194	1
1196	1196	1
1203	1203	1
1226	1291	1
1234	1265	1
1249	1248	1
1250	1249	1
1251	1250	1
1252	1251	1
1257	1252	1
1260	1257	1
1261	1260	1
1262	1261	1
1265	1262	1
1285	1285	1
1285	1286	1
1286	1286	1
1287	1285	1
1287	1287	1
1290	1287	1
1290	1290	1
1291	1291	1
1291	1292	1
1292	1164	1
1292	1292	1
1293	1172	1
1293	1293	2
1294	1294	1
1294	1295	1
1295	1295	1
1295	1301	1
1296	1297	1
1297	1290	1
1297	1293	1
1297	1297	1
1301	1171	1
1371	1371	1
1372	1371	1
1372	1372	1
1375	1375	1
1376	1375	1
1383	1394	1
1384	1384	1
1384	1385	1
1385	1383	1
1385	1385	1
1387	1372	1
1387	1387	1
1389	1389	1
1389	1390	1
1390	1387	1
1390	1390	1
1392	1483	1
1393	1393	2
1393	1395	1
1394	1393	1
1394	1394	1
1394	1395	1
1395	1395	2
1395	1477	1
1395	1480	1
1396	1384	1
1408	1408	1
1408	1421	1
1411	1423	1
1416	1416	1
1416	1417	1
1417	1416	1
1417	1417	2
1421	1421	1
1422	1422	1
1422	1445	1
1423	1422	1
1423	1423	1
1425	1425	1
1425	1426	1
1426	1426	1
1431	153	1
1431	1431	1
1432	1431	1
1433	979	1
1435	137	1
1435	1435	1
1436	1435	1
1437	1437	1
1437	1441	1
1438	1438	1
1438	1439	1
1439	1437	1
1440	1438	1
1441	1441	1
1441	1442	1
1442	1442	1
1442	1448	1
1444	1444	1
1445	1408	1
1445	1445	1
1448	1444	1
1448	1448	1
1455	1440	1
1455	1455	1
1456	1455	1
1456	1456	1
1477	1477	1
1480	1393	1
1483	1389	1
1483	1483	1
1485	1486	1
1486	1486	2
1486	1504	1
1488	1488	1
1488	1489	1
1489	1479	1
1489	1489	1
1490	1488	1
1490	1490	1
1497	1497	1
1497	1516	1
1498	1497	1
1499	1486	1
1499	1499	1
1500	1499	1
1502	1509	1
1504	1490	1
1504	1504	1
1507	1507	1
1509	1509	1
1511	1507	1
1511	1511	1
1516	1511	1
1516	1516	1
1564	1564	1
1564	1590	1
1572	1572	1
1572	1574	1
1573	1572	1
1573	1583	1
1574	1574	1
1576	1573	1
1582	1582	2
1582	1583	1
1582	1601	1
1583	1576	1
1583	1582	1
1583	1583	2
1586	1587	1
1587	1582	1
1587	1587	1
1588	1586	1
1588	1588	1
1589	1588	1
1590	1590	1
1591	1591	1
1591	1592	1
1592	1564	1
1592	1592	1
1593	1591	1
1593	1593	1
1594	1593	1
1606	1610	1
1607	1608	1
1608	1608	1
1608	1639	1
1610	1610	1
1610	1637	1
1633	1630	1
1634	1635	1
1635	1633	1
1637	1634	1
1637	1637	1
1639	1639	1
1639	1640	1
1640	1640	1
1640	1645	1
1641	1641	1
1641	1652	1
1645	1641	1
1651	1677	1
1652	1651	1
1671	1671	1
1677	1697	1
1681	1694	1
1682	1682	1
1682	1694	1
1683	1682	1
1683	1683	1
1684	1683	1
1684	1684	1
1686	1637	1
1686	1684	1
1687	1687	1
1694	1686	1
1694	1687	1
1694	1694	1
1697	1681	1
1709	1709	1
1710	1712	1
1711	1709	1
1711	1711	1
1712	1711	1
1712	1712	2
1713	1714	1
1714	1712	1
1714	1714	1
1720	1671	1
1724	1724	1
1724	1725	1
1725	1726	1
1726	1726	1
1726	1727	2
1727	1720	1
1727	1727	3
1727	1728	1
1728	1724	1
1728	1727	1
1728	1728	2
1728	1739	1
1730	1713	1
1730	1730	1
1737	1730	1
1737	1737	1
1739	1728	1
1739	1737	1
1739	1739	2
1740	1739	1
1757	1757	1
1803	1804	1
1804	1813	1
1807	1807	1
1807	1811	1
1808	1809	1
1809	1812	1
1810	1814	1
1811	1808	1
1811	1811	1
1812	1810	1
1813	1807	2
1813	1813	1
1814	1818	1
1818	1746	1
1819	1803	1
1831	1837	1
1835	1842	1
1837	1837	1
1840	1840	1
1842	1840	1
1842	1842	1
1848	1849	1
1849	1851	1
1851	1851	1
1851	1866	1
1853	1853	1
1853	1860	1
1856	1884	1
1857	1857	2
1857	1883	1
1857	1889	3
1858	1857	2
1858	1858	1
1860	1831	1
1860	1860	1
1866	1853	1
1866	1866	1
1874	1894	1
1875	1874	1
1876	1875	1
1876	1876	1
1877	1878	1
1878	1876	1
1878	1878	1
1879	1857	1
1879	1858	1
1883	1856	1
1884	1885	1
1885	1879	1
1887	1889	1
1888	1888	1
1888	1891	1
1889	1858	1
1889	1888	2
1889	1889	3
1891	1891	1
1891	1892	1
1892	1892	1
1894	1887	1
1903	1903	1
1903	1907	1
1905	1903	1
1907	1908	1
1908	1909	1
1909	1910	1
1910	1912	1
1911	1912	1
1911	1920	1
1912	1903	1
1912	1912	1
1912	1913	1
1913	1911	1
1914	1914	1
1914	1922	1
1919	1914	1
1920	1919	1
1922	1927	1
1927	1926	1
1931	1931	1
1939	1939	1
1941	1952	1
1952	1939	1
1952	1952	1
1964	1966	1
1965	1965	1
1966	1965	1
1966	1966	1
2005	2005	1
2005	2009	1
2006	2006	3
2006	2009	1
2007	2006	1
2007	2007	1
2007	2021	1
2008	2006	1
2008	2007	1
2008	2008	2
2009	1031	1
2009	2008	1
2009	2009	3
2016	2030	1
2018	2019	1
2019	2008	1
2019	2019	1
2021	2021	1
2030	2033	1
2032	2032	1
2033	2037	1
2041	2060	1
2046	2050	1
2050	2016	1
2050	2050	1
2052	2046	1
2052	2052	1
2056	2050	1
2056	2052	1
2056	2056	1
2057	2056	1
2058	2057	1
2060	2058	1
2071	2065	1
2106	2106	1
2106	4476	1
2119	2130	1
2124	2124	1
2124	2132	1
2130	2124	1
2130	2130	1
2131	2131	1
2132	2131	1
2132	2132	1
2143	2149	1
2148	2143	1
2148	2148	1
2149	2149	1
2149	2150	1
2150	2151	1
2151	2071	1
2152	2148	1
2156	2152	1
2156	2156	1
2157	2158	1
2158	2156	1
2158	2158	1
2174	2174	1
2175	2175	1
2177	2177	1
2177	2481	1
2178	2178	1
2178	2192	1
2182	2182	1
2187	2178	1
2187	2199	1
2191	2177	1
2191	2191	1
2192	2194	1
2193	2191	1
2193	2193	1
2194	2193	1
2195	2182	1
2195	2195	1
2198	2174	1
2198	2198	1
2199	2198	1
2199	2199	1
2261	2261	1
2268	2278	1
2269	2269	1
2269	2270	1
2269	2279	1
2270	2269	1
2270	2270	1
2270	2273	1
2271	2270	1
2273	2274	1
2274	2276	1
2276	2292	1
2277	2269	1
2278	2277	1
2279	2279	1
2291	2291	1
2292	2292	1
2292	2391	1
2293	2293	1
2293	2318	1
2294	2293	1
2297	2298	1
2298	2298	1
2300	2300	1
2300	2555	1
2304	2309	1
2304	2316	1
2305	2304	1
2307	2305	1
2309	2300	1
2309	2309	1
2313	2315	1
2313	2342	1
2315	2322	1
2316	2313	1
2316	2316	1
2318	2323	1
2322	2324	1
2323	2323	1
2323	2327	1
2324	2326	1
2326	2326	1
2326	2342	1
2327	2337	1
2331	2195	1
2339	2339	1
2339	2347	1
2340	2340	1
2340	2341	1
2341	2339	1
2341	2341	1
2341	2344	1
2342	2340	1
2342	2342	2
2344	2344	1
2347	2347	1
2353	2353	1
2357	2357	1
2358	2357	1
2363	2373	1
2373	2373	1
2373	2374	1
2374	2374	1
2374	2375	1
2375	2375	1
2375	2379	1
2379	2379	1
2379	2501	1
2384	2384	1
2384	2472	1
2385	2385	1
2385	2404	1
2387	2395	1
2391	2366	1
2391	2391	1
2391	2414	1
2395	2395	1
2395	2428	1
2396	2403	1
2397	2396	1
2397	2397	1
2397	2404	1
2398	2398	1
2398	2399	1
2399	2397	1
2399	2399	1
2400	2398	1
2400	2400	1
2401	2401	1
2401	2402	1
2402	2400	1
2402	2402	1
2403	2397	1
2403	2403	1
2404	2404	2
2404	2405	2
2405	2405	2
2405	2416	1
2414	2414	1
2416	2416	1
2417	2417	1
2417	2423	1
2418	2417	1
2418	2418	1
2419	2418	1
2419	2419	1
2423	2423	1
2426	2429	1
2427	2426	1
2427	2427	1
2428	2427	1
2428	2428	1
2429	2385	1
2429	2429	1
2434	2401	1
2435	2436	1
2436	2384	1
2436	2436	1
2442	2443	1
2443	2443	1
2443	2451	1
2451	2451	1
2451	2454	1
2454	2454	1
2458	2458	1
2459	2458	1
2459	2459	1
2461	2464	1
2464	2459	1
2470	2470	1
2472	2470	1
2472	2472	1
2481	2481	1
2481	2482	1
2501	2358	1
2504	1417	1
2504	2504	1
2506	2507	1
2507	2507	1
2507	2508	1
2508	2504	1
2508	2508	1
2509	2510	1
2510	2510	1
2513	2513	1
2513	2529	1
2514	2513	1
2514	2514	2
2515	271	1
2515	2514	2
2515	2515	1
2519	2515	1
2525	2525	1
2526	2525	1
2526	2526	1
2529	2529	1
2531	2533	1
2532	2526	1
2532	2532	1
2533	2532	1
2533	2533	2
2534	2533	1
2534	2534	1
2535	2534	1
2535	2626	1
2552	2307	1
2555	2555	1
2570	2570	1
2570	2668	1
2571	2580	1
2575	2571	1
2577	2570	1
2578	2577	1
2580	2578	1
2580	2580	1
2580	2589	1
2586	2586	1
2586	2618	1
2587	2586	1
2589	2589	1
2589	2592	1
2592	2592	1
2593	2593	1
2593	2594	1
2594	2595	1
2595	2595	1
2595	2596	1
2596	2596	1
2597	2593	1
2597	2597	1
2598	2597	1
2598	2598	2
2601	2598	1
2618	2598	1
2618	2618	1
2622	2622	1
2626	2622	1
2626	2626	1
2662	2419	1
2662	2666	1
2662	2844	1
2666	2666	1
2666	2668	1
2668	341	1
2668	2291	1
2668	2668	1
2668	2730	1
2668	2853	1
2668	3245	1
2668	3293	1
2668	3448	1
2668	3449	1
2711	2714	1
2712	2712	1
2712	2725	1
2713	2713	1
2714	2712	1
2714	2714	1
2723	2713	1
2723	2723	1
2725	2723	1
2725	2725	1
2726	2726	1
2730	2726	1
2730	2730	1
2740	2740	1
2740	2741	1
2740	2743	1
2741	2744	1
2742	2740	1
2743	2743	2
2743	2753	1
2743	2771	1
2744	2744	1
2745	2747	1
2749	2745	1
2749	2749	1
2753	2743	1
2753	2754	1
2754	2754	1
2754	2769	1
2755	2749	1
2755	2755	1
2766	2767	1
2767	2755	1
2767	2767	1
2769	2766	1
2771	2742	1
2771	2771	1
2802	2804	1
2803	2803	1
2803	2819	1
2804	2803	1
2804	2804	1
2815	411	1
2815	2815	1
2816	2815	1
2816	2816	1
2818	2816	1
2819	2819	1
2843	2845	1
2844	2844	1
2845	2845	1
2845	2849	1
2849	2849	1
2851	2851	1
2853	2851	1
2891	2891	1
2895	2902	1
2898	2898	1
2898	2904	1
2899	2895	1
2899	2898	1
2899	2899	1
2901	2899	1
2902	2913	1
2904	2891	1
2904	2904	1
2904	2914	1
2910	3276	1
2911	2911	1
2911	3034	1
2913	2911	1
2914	2914	1
2920	2920	1
2920	2925	1
2921	2923	1
2922	2922	1
2923	2922	1
2923	2923	1
2929	2936	1
2933	2933	1
2933	2957	1
2935	2935	1
2935	2949	1
2936	2938	1
2937	2935	1
2938	2937	1
2940	2929	1
2941	2940	1
2949	2951	1
2951	2954	1
2953	2947	1
2954	2953	1
2956	2933	1
2956	2956	1
2957	2957	1
2958	2956	1
2978	2979	1
2979	2979	1
2979	2981	1
2980	2921	1
2981	2981	1
2981	2982	1
2982	2980	1
2982	2982	1
2991	2992	1
2992	2992	1
2998	2998	1
2998	2999	1
2999	2999	1
2999	3000	1
3000	3000	1
3000	3002	1
3002	3002	1
3002	3006	1
3003	2998	1
3006	3006	1
3019	3029	1
3023	3024	1
3024	3024	1
3024	3105	1
3029	3031	1
3031	3030	1
3031	3031	1
3033	3019	1
3034	3047	1
3034	3049	1
3035	3034	1
3038	3038	1
3038	3080	1
3039	3038	1
3039	3039	1
3040	3040	1
3040	3096	1
3041	3040	1
3041	3041	1
3047	3086	1
3048	3035	1
3049	3033	1
3050	3052	1
3052	3053	1
3053	3055	1
3055	3048	1
3057	3057	1
3057	3058	1
3058	3058	1
3059	3059	1
3059	3060	1
3060	3057	1
3060	3060	1
3061	3063	1
3062	3062	1
3062	3064	1
3063	3062	1
3063	3063	1
3064	3064	1
3064	3065	1
3065	3065	1
3067	3068	1
3068	3068	1
3068	3070	1
3069	3089	1
3070	3069	1
3080	3080	1
3086	3087	1
3087	3097	1
3089	3091	1
3090	3090	1
3090	3097	1
3091	3092	1
3092	3090	1
3094	3097	1
3095	3041	1
3095	3094	1
3095	3095	1
3096	3096	1
3097	3090	1
3097	3095	2
3097	3097	2
3101	3039	1
3105	3059	1
3105	3105	1
3130	3131	1
3131	3131	1
3131	3198	1
3132	3133	1
3133	3130	1
3133	3133	1
3134	3143	1
3143	3143	1
3143	3144	1
3144	3144	1
3144	3145	1
3145	3160	1
3159	3161	1
3160	3159	1
3160	3160	1
3161	3166	1
3162	3164	1
3163	3132	1
3163	3163	1
3164	3163	1
3164	3164	1
3165	3160	1
3165	3165	2
3166	3167	1
3167	3171	1
3168	3165	1
3171	3168	1
3171	3171	1
3191	3165	1
3191	3191	1
3193	3194	1
3194	3194	1
3194	3195	1
3195	3195	1
3198	3198	1
3200	3191	1
3213	3213	1
3213	3229	1
3216	3216	1
3217	3213	1
3217	3217	1
3225	3237	1
3229	3216	1
3229	3229	1
3234	3234	1
3234	3249	1
3234	3251	1
3235	3248	1
3236	3217	1
3236	3236	2
3236	3246	1
3237	3236	1
3237	3237	1
3238	3236	1
3245	3245	3
3245	3249	1
3246	3247	1
3247	3245	1
3247	3247	1
3248	3234	2
3248	3248	2
3249	3248	1
3249	3249	1
3249	3250	1
3250	3244	1
3250	3245	1
3250	3250	1
3251	3250	1
3251	3251	1
3275	3275	1
3275	3288	1
3276	3276	1
3276	3277	1
3277	3275	1
3277	3277	1
3283	747	1
3283	3283	1
3288	3288	1
3293	3283	1
3293	3293	1
3355	3355	1
3356	3355	1
3356	3356	1
3357	3356	1
3362	1030	1
3362	5944	1
3362	6242	1
3362	7370	1
3362	7376	1
3364	5483	1
3365	3365	1
3365	3399	1
3367	3367	1
3372	3447	1
3376	3376	1
3376	3377	1
3377	3377	1
3377	3442	1
3378	3387	1
3379	3378	1
3379	3379	1
3380	3379	1
3381	3398	1
3382	3381	1
3382	3382	1
3385	3382	1
3386	3393	1
3387	3372	1
3389	3386	1
3392	3380	1
3392	3392	1
3393	3385	1
3393	3393	1
3398	3399	1
3399	3392	1
3399	3399	1
3399	5420	1
3404	3407	1
3405	3405	1
3405	3406	1
3406	3406	2
3406	3414	1
3407	3407	1
3409	3409	1
3409	3410	1
3410	3409	1
3410	3410	1
3410	3412	1
3412	3406	1
3412	3412	1
3413	3413	1
3413	3418	1
3414	3414	1
3414	3419	1
3416	2668	1
3416	3416	1
3418	3418	1
3419	3413	1
3428	3416	1
3428	3428	1
3429	3429	1
3430	3428	1
3431	3429	1
3441	3444	1
3442	3441	1
3442	3442	1
3442	3443	1
3443	3443	1
3444	3444	1
3444	3446	1
3446	3446	1
3446	3447	1
3447	3376	2
3447	3447	2
3448	3448	1
3448	3451	1
3449	3449	1
3451	3451	1
3457	3457	1
3466	3457	1
3466	3466	1
3467	3467	2
3467	3468	2
3468	3466	1
3468	3468	2
3470	3467	2
3470	3470	1
3471	3470	1
3479	3367	1
3479	3479	1
3507	3507	1
3507	3522	1
3508	3508	1
3517	3517	1
3517	3518	1
3518	3518	1
3518	3694	1
3521	3507	1
3522	3522	1
3522	3524	1
3523	3508	1
3523	3523	1
3524	3523	1
3524	3524	1
3529	3622	1
3533	3533	1
3533	6396	1
3534	3534	1
3534	3681	1
3535	3535	1
3535	3536	1
3536	3534	1
3536	3536	1
3537	3535	1
3537	3537	1
3545	3545	1
3547	3545	1
3547	3547	1
3548	3547	1
3550	3676	1
3552	3552	1
3553	3553	1
3553	5501	1
3559	3563	2
3560	3560	1
3562	3560	1
3562	3562	1
3563	3562	1
3563	3563	1
3563	3566	1
3565	3559	1
3566	3566	1
3566	3567	1
3567	3583	1
3574	3577	1
3575	3712	1
3576	3576	1
3576	3599	1
3577	3576	1
3577	3577	1
3577	3597	1
3580	3580	1
3580	3587	1
3583	3583	1
3586	3580	1
3587	3587	1
3593	3593	1
3597	3593	1
3597	3597	1
3598	3613	1
3599	3598	1
3601	3601	1
3601	3606	1
3603	3553	1
3603	3603	1
3604	3601	1
3606	3606	1
3607	3607	1
3607	3608	1
3608	3604	1
3611	3607	1
3612	3611	1
3612	3612	1
3613	3612	1
3614	3614	1
3614	3615	1
3615	3615	1
3615	3616	1
3616	3552	1
3616	3616	1
3617	3614	1
3617	3617	1
3618	3617	1
3619	3637	1
3620	3618	1
3620	3620	1
3620	3641	1
3622	3623	1
3622	3624	1
3623	3623	1
3623	3681	1
3624	3624	1
3624	3626	1
3626	3626	1
3626	3628	1
3627	3627	1
3627	3628	1
3627	3643	1
3628	3627	1
3628	3628	3
3628	3636	2
3630	3630	1
3630	3634	1
3631	3631	1
3631	3632	1
3632	3633	1
3634	3631	1
3635	3644	1
3636	3636	1
3636	3643	1
3637	3627	1
3637	3628	1
3637	3637	1
3639	3639	1
3641	3517	1
3641	3641	1
3643	3635	1
3643	3643	2
3644	3630	1
3649	3654	1
3650	3662	1
3652	3650	1
3652	3652	1
3654	3654	1
3654	3655	1
3655	3655	1
3655	3656	1
3656	3656	1
3657	3652	1
3660	3660	1
3660	3661	1
3661	3661	1
3661	3663	1
3662	3660	1
3663	3639	1
3663	3663	1
3666	3603	1
3676	3533	1
3676	3676	1
3681	3681	2
3681	3694	1
3694	3620	1
3694	3694	2
3695	4784	1
3696	3695	1
3712	3712	1
3712	7156	1
3713	3713	1
3713	3720	1
3713	3722	1
3714	3713	1
3714	3714	1
3715	3714	1
3715	3715	1
3716	3715	1
3719	3719	2
3719	3726	1
3720	3719	1
3720	3720	2
3720	3721	1
3721	3719	1
3721	3720	1
3721	3721	1
3722	3721	1
3722	3722	1
3726	3726	1
3726	3731	1
3727	3719	1
3727	3727	1
3728	3729	1
3729	3727	1
3743	3728	1
3743	3743	1
3801	3743	1
3810	3810	1
3810	3846	1
3812	3812	1
3814	3843	1
3820	7070	1
3821	3833	1
3823	3823	1
3824	3823	1
3824	3824	1
3826	3824	1
3826	3826	1
3827	3827	1
3827	3834	1
3828	3829	1
3829	3829	1
3833	3833	1
3833	3850	1
3834	3828	1
3834	3834	1
3835	3833	1
3835	3835	1
3836	3835	1
3837	5501	1
3838	3820	1
3838	3838	1
3843	3826	1
3843	3843	1
3844	6414	1
3846	3812	1
3846	3827	1
3846	3846	1
3848	3836	1
3849	3837	1
3850	3838	1
3851	3851	1
3853	3853	1
3855	3855	1
3855	3856	1
3856	3853	1
3856	3856	1
3902	3902	1
3907	3907	1
3912	3912	1
3912	3967	1
3913	3912	1
3918	3918	1
3929	3929	1
3935	3935	1
3940	3942	1
3942	3942	1
3942	3943	1
3943	3943	1
3943	3944	1
3943	7062	1
3944	3945	1
3945	3945	1
3945	3946	1
3946	3946	1
3946	3960	1
3948	3940	1
3952	3935	1
3953	3953	1
3960	3960	1
3963	3984	1
3967	3967	1
3967	4001	1
3969	3969	1
3969	5501	1
3977	3989	1
3979	3855	1
3979	3979	1
3980	3979	1
3983	3983	1
3984	3969	1
3984	3984	1
3984	3988	1
3986	4178	1
3988	3988	1
3989	3902	1
3989	3989	1
3990	3983	1
3990	3990	1
3991	3990	1
3991	3991	1
3993	3991	1
3997	3998	1
3998	3929	1
3998	3998	1
4001	4001	1
4003	3953	1
4067	4067	1
4071	4071	1
4071	4080	1
4072	4073	1
4073	4073	2
4073	4077	1
4074	4073	1
4076	4076	1
4076	4078	1
4077	4073	1
4077	4076	1
4078	4071	1
4078	4072	1
4078	4078	1
4079	4057	1
4079	4078	1
4079	4079	1
4080	4079	2
4080	4080	2
4083	4080	1
4097	4110	1
4098	4098	1
4098	4113	1
4103	4103	1
4104	4104	1
4106	4106	1
4106	4108	1
4108	4108	2
4108	6106	1
4109	4103	1
4109	4109	1
4110	4109	1
4110	4110	1
4110	4117	1
4111	4110	1
4113	4113	1
4114	4111	1
4114	4114	1
4115	4114	1
4115	4115	1
4116	4108	1
4117	4104	1
4117	4117	1
4118	4116	1
4118	4122	1
4122	4115	1
4125	4125	1
4126	4125	1
4126	4126	1
4126	4127	1
4127	4098	1
4127	4126	1
4127	4127	2
4127	4130	1
4129	4118	1
4129	4129	1
4129	4132	1
4130	4129	1
4132	4126	1
4132	4127	2
4132	4132	1
4134	4134	1
4134	4171	1
4135	4134	1
4137	5855	1
4146	4074	1
4146	4147	1
4147	4147	1
4156	7359	1
4157	4158	1
4158	4158	1
4158	4160	1
4160	7058	1
4171	4067	1
4171	4171	1
4178	4112	1
4178	4414	1
4178	6035	1
4178	6128	1
4178	6273	1
4178	6290	1
4178	6529	1
4178	7155	1
4178	7215	1
4204	4204	1
4205	4204	1
4205	4205	1
4206	4205	1
4206	4206	2
4215	4216	1
4216	4216	1
4216	4222	1
4221	4221	1
4221	4223	1
4222	4221	1
4222	4222	1
4223	4234	1
4224	4227	1
4227	4227	1
4231	4231	1
4231	4233	1
4232	4232	1
4233	4232	1
4233	4233	2
4234	4231	1
4234	4233	1
4234	4234	1
4236	4236	1
4236	4240	1
4238	4238	1
4240	4240	1
4240	4259	1
4245	4236	1
4253	4238	1
4253	4253	1
4257	4206	1
4259	4259	1
4303	4303	1
4323	4328	1
4328	4328	1
4328	4329	1
4329	4329	1
4329	4330	1
4329	4332	1
4330	4330	1
4332	4332	1
4332	4333	1
4333	4333	1
4339	4339	1
4339	4340	1
4340	4340	1
4340	4344	1
4344	4344	1
4344	4352	1
4350	4350	1
4351	4350	1
4352	4253	1
4352	4352	2
4352	4359	1
4353	4354	1
4354	4352	1
4354	4354	1
4358	4358	1
4358	4360	1
4359	4358	1
4359	4359	1
4360	4360	1
4369	4375	1
4371	4371	1
4372	4372	2
4372	4375	1
4373	4373	1
4373	4374	1
4374	4374	1
4375	4372	1
4375	4373	1
4375	4375	1
4378	4378	1
4381	4372	1
4393	4977	1
4395	4395	1
4396	4396	1
4396	4414	1
4399	4396	1
4399	4399	1
4399	4403	1
4403	4403	1
4403	4404	1
4404	4399	1
4404	4404	1
4404	4406	1
4406	4406	1
4406	4410	1
4410	4395	1
4410	4410	1
4414	4414	2
4414	5837	1
4415	4415	2
4416	4415	1
4416	4416	1
4417	4415	1
4418	4417	1
4419	4420	2
4420	4420	1
4420	4421	2
4421	4421	2
4421	4422	1
4422	4422	1
4422	4423	1
4423	4416	1
4455	4455	1
4455	4456	1
4456	4456	2
4456	4458	1
4456	4459	1
4458	4455	1
4458	4458	1
4458	5623	1
4459	4459	1
4459	4460	1
4460	4460	1
4460	4495	1
4462	4462	1
4463	4463	1
4463	4483	1
4465	4463	1
4465	4465	2
4475	4475	1
4476	4476	1
4477	4477	1
4477	4486	1
4483	4483	1
4483	4497	1
4484	4477	1
4486	4486	1
4486	4488	1
4488	4488	1
4488	4607	1
4494	4494	1
4495	4495	1
4495	4502	1
4496	4568	1
4497	4497	1
4497	4505	1
4498	4511	1
4502	4458	1
4502	4462	1
4502	4502	1
4505	4506	1
4506	2106	1
4506	4475	1
4506	4506	1
4511	4465	1
4511	4511	1
4514	4514	1
4514	4542	1
4516	4516	1
4516	4543	1
4518	4516	1
4519	4519	1
4519	4551	1
4520	4526	1
4525	4570	1
4526	4526	1
4529	4550	1
4532	4534	1
4534	4534	1
4534	4535	1
4535	4535	1
4535	4554	1
4539	4529	1
4542	4520	1
4542	4542	1
4543	4543	2
4543	4546	1
4545	4543	1
4546	4546	1
4546	4547	1
4547	4547	1
4550	4545	1
4551	4518	1
4551	4551	1
4552	4514	1
4552	4519	1
4552	4552	1
4553	4569	1
4554	4554	1
4568	4465	1
4568	4568	1
4569	4552	1
4569	4569	1
4570	4539	1
4570	4570	1
4582	4597	1
4590	4592	1
4591	4594	1
4592	4628	1
4593	6969	1
4594	1757	1
4596	4596	1
4596	4598	1
4597	4597	2
4597	4598	1
4597	4601	1
4598	4598	2
4599	4597	1
4601	4596	1
4601	4601	1
4604	2920	1
4604	3565	1
4604	5731	1
4604	5918	1
4604	6848	1
4604	7234	1
4604	7301	1
4628	4629	1
4629	1931	1
4629	4593	1
4629	7302	1
4634	2175	1
4634	4494	1
4634	5457	1
4655	4655	1
4655	4656	1
4656	4656	1
4666	4666	1
4666	4669	1
4668	4668	1
4668	4679	1
4669	4668	1
4669	4669	1
4670	4666	1
4670	4670	1
4671	4670	1
4678	4719	1
4679	4679	1
4680	4655	1
4688	4688	1
4688	4690	1
4690	4690	1
4696	4688	1
4716	4671	1
4716	4716	1
4717	4716	1
4717	4717	1
4718	4719	1
4719	2991	1
4719	4717	1
4719	4719	2
4767	4925	1
4777	4755	1
4778	4777	1
4780	4805	1
4784	4780	1
4801	4778	1
4803	4801	1
4805	4803	1
4855	4178	1
4857	4857	1
4857	4858	1
4858	4858	1
4861	4857	1
4861	4861	1
4862	4861	1
4863	4862	1
4863	4863	1
4866	4863	1
4867	4866	1
4874	4867	1
4874	4874	1
4878	4879	1
4879	4874	1
4902	4912	1
4904	4904	1
4904	4910	1
4910	4910	1
4911	4904	1
4912	4911	1
4912	4912	1
4920	4902	1
4923	4920	1
4923	4923	1
4924	4923	1
4925	4924	1
4925	4925	1
4951	4951	1
4951	4952	1
4952	4953	1
4952	4961	1
4953	4953	3
4953	4955	1
4954	4954	1
4954	4956	1
4955	4954	1
4955	4955	1
4955	4967	1
4956	4956	1
4956	4958	1
4956	5014	1
4957	4953	1
4957	4957	2
4957	4962	1
4958	4958	1
4958	5017	1
4958	5021	1
4959	4957	2
4959	4959	1
4960	4961	1
4961	4961	2
4962	4962	1
4963	4953	1
4963	4963	1
4965	4966	1
4965	4968	1
4966	4955	1
4966	4956	1
4966	4966	3
4967	4966	2
4967	4967	3
4968	4967	1
4968	4968	1
4976	4963	1
4976	4976	1
4977	4976	1
4977	4977	1
4979	5082	1
4984	4986	1
4985	4985	1
4985	4992	1
4986	4986	1
4986	4987	1
4987	4987	1
4987	4990	1
4990	4990	1
4990	4991	1
4991	4985	1
4991	4991	1
4992	4992	1
4992	4997	1
4997	4997	1
5002	4967	1
5003	5002	1
5003	5003	1
5004	5003	1
5012	5004	1
5012	5012	1
5014	5014	1
5014	5016	1
5016	4954	1
5016	5016	1
5017	4959	1
5017	5017	1
5018	5080	1
5019	5024	1
5020	5020	1
5021	4959	1
5021	5021	1
5024	5020	1
5024	5024	1
5027	5028	1
5028	4979	1
5028	5028	1
5029	5030	1
5030	5030	1
5031	5031	2
5031	5045	1
5033	5035	1
5035	5035	1
5035	5040	1
5038	5038	1
5040	5038	1
5040	5040	1
5041	5041	1
5043	5031	1
5044	5041	1
5044	5044	1
5044	5045	1
5045	5031	1
5045	5044	1
5045	5045	1
5073	5074	1
5074	5074	2
5074	5075	1
5075	5074	1
5075	5075	1
5075	5076	1
5076	5043	1
5076	5076	1
5080	5012	1
5082	4951	1
5114	5114	1
5114	5188	1
5115	5114	1
5119	5115	1
5120	5121	1
5121	5119	1
5122	5127	1
5125	5125	1
5126	5125	1
5126	5126	1
5127	5127	1
5127	5128	1
5128	5128	1
5128	5129	1
5129	5126	1
5129	5129	1
5130	5126	1
5137	5142	1
5140	5140	1
5140	5169	1
5141	5141	2
5141	5145	1
5142	5141	2
5142	5142	2
5145	5148	1
5148	5140	1
5148	5142	1
5148	5148	1
5152	5152	1
5152	5153	1
5153	5153	1
5158	5152	1
5168	5168	1
5169	5168	1
5169	5169	1
5169	5176	1
5173	5173	1
5173	5174	1
5174	5174	1
5174	5201	1
5176	5173	1
5176	5176	1
5188	5122	1
5201	5201	1
5260	5261	1
5261	5261	1
5261	5262	1
5262	5262	1
5295	5295	1
5297	5297	3
5297	5298	1
5297	5299	1
5298	5298	1
5298	5407	1
5300	5297	1
5302	5297	1
5307	5307	1
5309	5309	1
5315	5731	1
5317	5334	1
5317	5351	1
5320	5320	1
5320	5321	1
5321	5321	2
5321	5323	1
5322	5320	1
5322	5322	2
5322	5478	1
5323	5322	2
5323	5345	1
5325	5365	1
5326	5325	1
5326	5326	1
5327	5335	1
5329	4634	1
5329	5329	1
5329	5342	1
5330	5329	1
5331	5345	1
5334	5334	1
5335	5335	1
5340	5340	1
5341	5307	1
5342	5342	1
5345	5345	2
5346	5309	1
5351	5351	1
5354	5493	1
5356	5356	1
5356	6177	1
5357	5356	1
5357	5357	1
5358	5340	1
5362	5297	1
5362	5362	1
5362	5407	1
5363	5363	1
5364	5364	1
5364	5389	1
5365	5364	1
5365	5365	2
5365	5394	1
5366	5365	1
5373	5373	1
5374	5376	1
5376	5376	2
5376	5379	1
5376	5418	1
5379	5374	1
5379	5379	1
5381	5376	1
5381	5381	1
5386	5417	1
5389	5389	1
5394	5394	1
5394	5398	1
5395	5395	1
5396	5396	2
5396	5401	1
5396	5630	1
5398	5373	1
5398	5395	1
5398	5398	1
5398	5657	1
5400	5396	1
5401	5401	1
5402	5403	1
5403	5403	1
5403	5406	1
5404	5326	1
5406	5396	1
5406	5406	1
5407	5407	2
5407	5745	1
5407	5746	1
5409	5362	1
5410	5363	1
5417	5417	1
5417	5464	1
5418	5381	1
5418	5418	1
5420	3405	1
5420	5420	1
5424	5424	1
5424	5426	1
5425	5424	1
5425	5425	1
5426	5420	1
5426	5426	1
5428	5428	1
5428	5468	1
5429	5429	1
5429	5431	1
5431	5431	1
5431	5493	1
5432	5429	1
5432	5432	1
5434	5428	1
5439	5452	1
5441	5444	1
5442	5451	1
5444	5444	1
5446	5446	1
5446	5448	1
5448	5448	1
5451	5451	1
5452	5452	1
5452	5453	1
5453	5446	1
5453	5453	1
5457	5457	1
5460	5461	1
5461	5461	1
5464	5464	1
5464	5465	1
5465	5465	1
5465	5466	1
5466	5466	1
5466	5467	1
5467	5468	2
5468	5468	3
5468	5469	1
5468	5470	1
5469	5354	1
5469	5432	1
5469	5469	1
5470	5469	1
5473	5474	1
5474	5474	1
5476	5321	1
5477	5477	1
5478	5478	1
5478	5479	1
5479	5477	1
5479	5479	1
5481	5481	1
5482	5481	1
5482	5482	1
5482	5483	1
5483	3365	1
5483	5482	1
5483	5483	2
5492	5425	1
5492	5492	1
5493	5492	1
5493	5493	2
5501	3479	1
5501	3918	1
5501	4206	1
5501	5688	1
5501	6391	1
5501	7340	1
5501	7355	1
5514	425	1
5522	5522	1
5522	5526	1
5524	5525	1
5525	5531	1
5526	5526	1
5526	5528	1
5528	5524	1
5528	5528	1
5531	5531	1
5531	5532	1
5532	5532	1
5566	5566	1
5571	5566	1
5571	5571	1
5597	5522	1
5602	5603	1
5603	5603	1
5615	5615	1
5623	5501	1
5623	5623	1
5623	5668	1
5626	5615	1
5627	5626	1
5627	5627	1
5630	5630	1
5630	5631	1
5631	5627	1
5631	5631	1
5644	5647	1
5645	5571	1
5646	5646	1
5647	5646	1
5647	5647	1
5652	5645	1
5652	5652	1
5654	5659	1
5655	4456	1
5657	5652	1
5659	5659	1
5675	5675	1
5676	5676	1
5676	5677	1
5677	5675	1
5677	5677	1
5680	5676	1
5688	5688	1
5694	5897	1
5698	5623	1
5726	5726	1
5727	5726	1
5727	5727	1
5727	5745	1
5730	5727	1
5730	5730	2
5731	5730	1
5731	5731	2
5742	5742	1
5742	5748	1
5745	5745	2
5746	5742	1
5746	5746	1
5748	5748	1
5750	5750	1
5750	5753	1
5751	5752	1
5752	5752	1
5753	5753	1
5753	5756	1
5754	5750	1
5756	5756	1
5756	5757	1
5757	5757	1
5763	5730	1
5763	5763	1
5763	5770	1
5764	5763	1
5767	5767	1
5767	5841	1
5770	5770	1
5771	5771	1
5772	5771	1
5772	5772	1
5777	5842	1
5779	5795	1
5783	5767	1
5783	5783	1
5783	5841	1
5795	5795	1
5795	5802	1
5802	5802	1
5809	5772	1
5812	5812	1
5812	5863	1
5824	5826	1
5826	5826	1
5826	5839	1
5828	5828	1
5830	5952	1
5831	5831	1
5831	5856	1
5834	5831	1
5837	4418	1
5839	5839	1
5841	5828	1
5841	5841	2
5842	5783	1
5842	5842	1
5848	5862	1
5850	5851	1
5851	5851	1
5851	5856	1
5854	5854	1
5854	5862	1
5855	5854	1
5855	5855	1
5856	5856	1
5856	5858	1
5858	5830	1
5862	5812	1
5862	5862	2
5863	5805	1
5863	5863	1
5877	5877	1
5877	5878	1
5878	5878	1
5879	5877	1
5880	5883	1
5883	5883	1
5887	5887	1
5887	5888	1
5888	5900	1
5891	5887	1
5892	5927	1
5894	5894	1
5894	5895	1
5895	5895	1
5897	5894	1
5897	5897	1
5900	5900	1
5918	5918	1
5926	5932	1
5927	5927	1
5929	5929	1
5929	5937	1
5929	5969	1
5932	5932	1
5932	5933	1
5933	5933	1
5933	5934	1
5934	5934	2
5935	5935	1
5935	6955	1
5936	5935	1
5936	5936	2
5937	5929	1
5937	5937	1
5937	5939	1
5939	5939	1
5939	5941	1
5940	5936	1
5941	5940	1
5941	5941	1
5944	5944	1
5945	5950	1
5946	5948	1
5948	4339	1
5950	5950	2
5950	5951	1
5951	5957	1
5952	5950	1
5952	5952	1
5953	5954	1
5954	5954	1
5957	5953	1
5957	5957	1
5958	6955	1
5962	5962	1
5962	6998	1
5963	5966	1
5965	5968	1
5966	5966	1
5968	5962	1
5968	5968	1
5969	5936	1
5969	5969	1
5986	5986	1
5986	6051	1
5988	5986	1
5997	5997	1
5999	6001	1
6001	4419	1
6004	4106	1
6004	5999	1
6009	6142	1
6012	6012	1
6012	6153	1
6013	6012	1
6014	6009	1
6017	6018	1
6018	6014	1
6019	6019	1
6020	6020	1
6020	6022	1
6022	6019	1
6022	6022	1
6029	6020	1
6029	6029	1
6030	6029	1
6030	6031	1
6031	6014	1
6032	6032	1
6033	6033	1
6035	3907	1
6043	5988	1
6043	6043	1
6045	6043	1
6045	6045	1
6046	6045	1
6050	5997	1
6051	6050	1
6051	6051	2
6053	6053	1
6053	6057	1
6054	6054	1
6054	6075	1
6055	6054	1
6055	6055	1
6056	6055	1
6056	6057	1
6056	6060	1
6057	6057	2
6057	6061	1
6057	6075	1
6058	6056	1
6060	6051	1
6060	6060	1
6061	6061	1
6063	6058	1
6068	6069	2
6069	6046	1
6069	6069	2
6069	6073	1
6070	6068	1
6070	6070	1
6071	6070	1
6073	6053	1
6073	6074	1
6074	6017	1
6074	6095	1
6075	6075	1
6075	6094	1
6076	6076	1
6085	6033	1
6087	6093	1
6089	6089	2
6089	6091	1
6089	6121	1
6090	6089	1
6090	6090	1
6091	6089	1
6091	6091	1
6091	6099	1
6093	6090	1
6093	6093	1
6094	6073	1
6095	6095	1
6095	6100	1
6099	6076	1
6099	6099	1
6100	6100	1
6106	6106	1
6117	6117	1
6117	6118	1
6118	6118	1
6121	6117	1
6121	6121	1
6128	6128	1
6130	6183	1
6138	6138	1
6142	6143	1
6143	6169	1
6144	6138	1
6146	6242	1
6148	6148	1
6152	6071	1
6153	6153	1
6156	6156	1
6156	6228	1
6157	6157	1
6158	6158	1
6161	6156	1
6161	6158	1
6167	6168	1
6167	6172	1
6168	6168	1
6168	6172	1
6169	6169	2
6169	6172	1
6171	6171	1
6172	6169	1
6172	6171	1
6172	6172	3
6173	6144	1
6176	6176	1
6177	6176	1
6177	6177	1
6178	5357	1
6179	6180	1
6180	6180	1
6183	6183	1
6190	6178	1
6198	6228	1
6199	6199	1
6199	6210	1
6200	6202	1
6202	6202	1
6202	6203	1
6202	6207	1
6203	6157	1
6203	6203	1
6205	6199	1
6205	6205	2
6206	6205	2
6206	6206	2
6207	6206	1
6207	6207	2
6207	6209	1
6209	6206	1
6209	6209	1
6210	6207	1
6210	6210	1
6210	6242	1
6211	6211	1
6212	6212	1
6212	6215	1
6212	6221	1
6212	6224	1
6213	6212	1
6215	6215	1
6217	6217	1
6218	6217	1
6221	6221	1
6221	6300	1
6224	6224	1
6227	6306	1
6228	6228	1
6228	6229	2
6229	4178	1
6229	6229	2
6229	6230	1
6230	6230	1
6230	6308	1
6231	6231	1
6238	6259	1
6242	6148	1
6242	6242	3
6242	6274	2
6243	6211	1
6246	6246	1
6247	6258	1
6248	6248	1
6250	6250	1
6254	6250	1
6258	6248	1
6259	6261	1
6261	6246	1
6261	6261	1
6265	6338	1
6273	6273	1
6274	6274	1
6274	6275	1
6275	6212	1
6290	6032	1
6293	6295	1
6295	6295	1
6300	3851	1
6304	6231	1
6306	6304	1
6307	6308	1
6308	6227	1
6308	6308	1
6308	6310	1
6310	6311	1
6311	6311	1
6311	6312	1
6312	6312	1
6312	6314	1
6314	6212	1
6314	6314	1
6322	6342	1
6323	6323	1
6323	6343	1
6325	6323	1
6336	6336	1
6338	6338	1
6338	6339	1
6339	6336	1
6339	6339	1
6342	6342	1
6343	6322	1
6343	6343	1
6388	6391	1
6389	6388	1
6390	6389	1
6391	6391	1
6391	6396	1
6396	6396	1
6396	6398	1
6396	6399	1
6397	6397	1
6397	6406	1
6398	6397	1
6398	6398	2
6399	6398	1
6399	6399	1
6405	6405	1
6405	6407	1
6406	6405	1
6406	6406	1
6406	6407	1
6407	6407	1
6407	6408	1
6408	6404	1
6408	6408	1
6414	3810	1
6414	6414	1
6414	6419	1
6417	6406	1
6417	6417	1
6419	6417	1
6420	6420	1
6420	6424	1
6422	6420	1
6422	6422	1
6423	6423	1
6424	6424	1
6427	6429	1
6427	6431	1
6429	6422	1
6429	6423	1
6429	6429	2
6430	6429	1
6431	6430	1
6431	6431	1
6459	6475	1
6460	6460	2
6464	6390	1
6468	6468	1
6468	6469	1
6469	6460	1
6469	6469	1
6471	6468	1
6471	6471	1
6474	6471	1
6475	6475	1
6475	6476	1
6476	6460	1
6476	6476	1
6481	3537	1
6481	6486	1
6486	6486	1
6486	6488	1
6488	6488	2
6488	6489	1
6489	6489	1
6489	6491	1
6491	6491	1
6492	6488	1
6507	5295	1
6517	6517	1
6519	6517	1
6529	6519	1
6529	6529	1
6546	6549	1
6547	3362	1
6547	6547	1
6548	6547	1
6549	6548	1
6588	6588	2
6588	6649	2
6589	6588	1
6589	6589	1
6590	6588	1
6592	6590	1
6592	6592	1
6596	6592	1
6601	6608	1
6603	6603	1
6603	6642	1
6604	6603	1
6604	6604	1
6608	6608	2
6608	6609	1
6609	6589	1
6609	6609	1
6641	6604	1
6642	6608	1
6642	6642	1
6649	6649	2
6649	6650	1
6650	6650	1
6702	6702	1
6702	6704	1
6703	6734	1
6703	7241	1
6704	6704	2
6704	6705	1
6705	6705	2
6706	6705	1
6714	6716	1
6715	6715	1
6716	6716	1
6719	6719	1
6719	6728	1
6719	6752	1
6720	6719	1
6720	6723	1
6721	6721	1
6721	6804	1
6722	6722	1
6722	6809	1
6723	6721	1
6723	6723	1
6728	6715	1
6728	6728	1
6728	6734	1
6729	6734	1
6734	6702	1
6734	6734	3
6735	6735	1
6738	6739	1
6738	6741	1
6739	6739	1
6739	6740	1
6739	7253	1
6740	6740	1
6740	6741	1
6741	6741	2
6742	6748	1
6744	6744	1
6744	6746	1
6746	6746	1
6746	6747	1
6747	6747	2
6748	6747	1
6748	6748	1
6752	6752	1
6754	6722	1
6754	6754	1
6757	6757	1
6757	6758	1
6757	6816	1
6758	6757	1
6758	6758	1
6759	6759	1
6759	6763	1
6759	99999923	1
6761	6813	1
6763	6763	1
6763	6769	1
6763	7253	1
6764	6759	1
6764	6764	1
6765	6766	1
6766	6764	1
6769	6769	1
6769	6770	1
6770	6770	1
6771	6771	1
6772	6773	1
6773	6773	2
6773	6811	1
6776	6799	1
6777	6773	1
6781	6788	1
6781	6789	1
6786	6787	1
6787	6787	1
6788	6771	1
6788	6788	1
6789	6789	1
6791	6791	1
6794	6796	1
6796	6796	1
6798	6791	1
6799	6799	1
6799	6800	1
6800	6800	1
6800	6833	1
6801	6801	2
6803	6801	1
6803	6803	1
6804	6804	2
6805	6805	1
6805	6806	1
6806	6801	1
6806	6804	1
6806	6806	1
6807	6803	1
6807	6805	1
6807	6807	3
6807	6809	1
6808	6754	1
6808	6807	1
6809	6807	1
6809	6809	2
6811	6811	1
6812	6812	1
6813	6744	1
6813	6813	1
6815	6812	1
6816	6816	2
6816	6817	1
6816	6828	1
6817	6816	1
6817	6817	2
6818	6817	1
6818	6818	3
6819	6818	1
6822	6818	1
6823	6823	1
6827	6827	1
6828	6827	1
6828	6828	1
6829	6832	1
6832	6823	1
6832	6832	1
6833	6833	1
6835	6835	1
6837	6835	1
6847	6847	1
6848	6848	2
6848	6849	1
6849	6847	1
6849	6849	1
6855	6848	1
6860	979	1
6866	6867	1
6867	6867	2
6867	6882	1
6868	6867	1
6868	6868	1
6872	6872	1
6872	6876	1
6873	6872	1
6874	6818	1
6874	6874	2
6875	6874	1
6876	6876	1
6876	6925	1
6882	6882	1
6894	6897	1
6897	6897	1
6905	6905	1
6906	6907	1
6907	6905	1
6907	6907	1
6915	6868	1
6919	6919	1
6925	6925	1
6930	6944	2
6931	6874	1
6932	4634	1
6937	6942	1
6937	6955	1
6938	6939	1
6939	6939	1
6941	6941	1
6942	6941	1
6942	6942	1
6944	6944	1
6944	6945	1
6945	6945	1
6945	6955	1
6947	6947	1
6947	7280	1
6953	4629	1
6953	6955	1
6955	4303	1
6955	4378	1
6955	7284	1
6955	7288	1
6955	7297	1
6957	6963	1
6957	6965	1
6961	6919	1
6963	6963	1
6965	6965	1
6965	7289	1
6968	6971	1
6969	6969	1
6969	6970	1
6970	6970	1
6970	6971	1
6971	6971	2
6971	6975	1
6971	6984	1
6973	6973	1
6975	6973	1
6975	6975	1
6978	4629	1
6984	6984	1
6985	6986	1
6986	6978	1
6986	6986	1
6997	7000	1
6998	6955	1
6998	6997	1
6998	6998	2
6999	6999	1
6999	7008	1
7000	5934	1
7000	7000	1
7000	7002	1
7002	6999	1
7004	4371	1
7004	7004	1
7005	7004	1
7005	7005	1
7006	7007	1
7006	7013	1
7007	7007	1
7007	7009	1
7008	7008	1
7008	7009	1
7009	6998	1
7009	7009	2
7010	7010	1
7012	7010	1
7013	7005	1
7013	7013	1
7020	7020	1
7022	7020	1
7030	4178	1
7034	7034	1
7034	7039	1
7034	7307	1
7039	7039	1
7039	7298	1
7041	7041	1
7042	7041	1
7043	4157	1
7044	7044	1
7048	7048	1
7048	7399	1
7050	7048	1
7050	7051	1
7051	7051	1
7051	7052	1
7052	7052	1
7053	7056	1
7056	7056	1
7058	7044	1
7058	7058	1
7062	7062	1
7070	7069	1
7073	7073	1
7074	7073	1
7083	7084	1
7084	7084	1
7085	7085	1
7085	7087	1
7086	7085	1
7086	7086	1
7087	7087	1
7088	7092	1
7088	7392	1
7092	7127	1
7095	7096	1
7096	7096	1
7097	7086	1
7102	7102	1
7102	7149	1
7103	7107	1
7106	7106	1
7107	7107	1
7107	7108	1
7108	7106	1
7108	7108	1
7110	7111	1
7111	7111	1
7111	7115	1
7114	7115	1
7115	7115	2
7123	7124	1
7124	7095	1
7124	7124	1
7127	7123	1
7130	7131	1
7131	7131	1
7140	7140	1
7140	7141	1
7141	7141	1
7142	7140	1
7143	7142	1
7143	7143	1
7143	7146	1
7144	7143	1
7144	7144	1
7146	7146	1
7146	7167	1
7149	7102	1
7149	7149	2
7149	7150	1
7150	7103	1
7150	7149	1
7150	7150	1
7150	7151	1
7151	7151	1
7155	7155	1
7155	7158	1
7156	7156	1
7157	7157	1
7157	7159	1
7158	7157	1
7158	7158	1
7159	7159	1
7167	7167	2
7167	7172	1
7167	7179	1
7170	7144	1
7170	7167	1
7171	7171	1
7172	7172	1
7179	7171	1
7179	7179	1
7182	7184	1
7183	7182	1
7183	7183	1
7184	7184	1
7189	7189	1
7190	7189	1
7199	7208	1
7201	7183	1
7208	7208	1
7215	7215	1
7234	5198	1
7234	7234	1
7235	7251	1
7236	7236	4
7236	7237	1
7236	7252	1
7237	7235	1
7237	7236	1
7237	7237	3
7239	6754	1
7239	7236	1
7239	7239	2
7240	7237	2
7240	7240	1
7241	7242	2
7242	7242	2
7242	7245	2
7244	7245	1
7245	7245	2
7245	7273	1
7246	7253	1
7247	7247	1
7248	7248	1
7251	7236	2
7251	7251	1
7252	7252	1
7253	6704	1
7253	6735	1
7253	6807	1
7253	7239	2
7253	7240	1
7253	7247	1
7253	7248	1
7253	7253	2
7253	7265	1
7253	99999923	1
7254	7255	1
7255	7253	1
7258	7265	1
7263	7264	1
7264	7253	1
7264	7264	2
7265	7253	1
7265	7264	1
7265	7265	2
7267	7267	1
7268	7267	1
7270	7270	1
7271	7270	1
7271	7271	1
7272	7271	1
7273	7273	1
7274	7275	1
7275	7275	1
7275	7283	1
7278	7274	1
7279	7279	1
7280	6947	1
7280	7280	1
7280	7281	1
7281	7281	1
7281	7282	1
7282	7282	1
7283	7283	1
7284	7284	1
7286	6955	1
7288	7288	1
7289	7289	1
7292	7293	1
7293	7293	2
7294	7295	1
7295	7295	1
7295	7299	1
7296	7034	1
7297	7297	1
7298	7298	1
7298	7299	1
7299	7299	2
7300	7300	1
7301	7300	1
7301	7301	1
7302	7293	1
7302	7302	1
7307	7307	1
7308	7308	1
7310	7311	2
7311	7311	2
7311	7316	1
7313	7313	1
7316	7279	1
7316	7316	1
7320	7320	1
7322	7323	1
7323	7323	1
7323	7339	1
7323	7342	1
7324	7313	1
7325	7325	1
7329	7329	2
7335	7335	1
7336	7337	1
7337	7329	1
7337	7335	1
7337	7337	2
7338	7337	1
7338	7339	1
7339	7320	1
7339	7325	1
7339	7339	1
7340	7340	1
7340	7366	1
7342	7342	1
7342	7345	1
7343	7308	1
7343	7343	1
7345	7343	1
7345	7345	1
7346	7348	1
7348	7348	1
7348	7366	1
7351	7351	1
7355	7355	1
7355	7357	1
7357	7357	1
7359	7359	1
7360	7360	2
7362	7360	1
7363	7360	1
7366	7351	1
7366	7366	1
7368	7368	1
7371	7371	1
7372	7376	1
7374	7386	1
7376	7376	3
7376	7383	1
7377	7376	1
7378	7378	1
7379	7378	1
7379	7379	1
7381	7381	1
7383	7383	1
7384	7384	2
7386	7371	1
7386	7384	1
7386	7386	2
7387	7386	1
7388	7395	1
7388	7396	1
7390	7390	2
7391	7381	1
7392	7392	1
7394	7395	1
7395	7384	1
7395	7390	1
7395	7395	2
7396	7397	1
7397	7397	1
7399	7329	1
7399	7368	1
7399	7379	1
7399	7390	1
7400	4604	1
