ORIG	DEST	N_TOT
2	10	1
3	10	1
4	3	1
5	4	1
7	25	1
9	9	1
9	11	1
10	7	1
10	10	1
11	5	1
11	11	1
13	9	1
13	13	1
14	24	1
19	20	1
20	20	1
20	21	1
20	93	1
21	22	1
22	22	1
22	25	1
24	13	1
24	24	1
25	25	2
25	28	1
27	37	1
28	27	1
34	57	1
37	42	1
42	46	1
45	47	1
46	40	1
46	46	1
47	47	1
47	55	1
53	53	1
55	55	1
55	66	1
58	34	1
60	61	1
61	61	1
61	70	2
61	934	1
66	53	1
66	66	1
70	72	2
71	71	2
71	73	3
72	71	3
72	72	2
73	73	3
73	74	3
74	59	1
74	74	4
74	75	2
75	58	1
75	74	1
75	75	2
76	75	1
76	76	1
84	585	1
88	88	1
93	93	1
93	100	1
100	100	1
114	114	1
115	114	1
115	115	1
115	120	1
116	120	1
117	117	1
120	117	1
120	120	2
121	115	1
135	135	1
135	137	1
136	135	1
137	137	2
137	140	1
137	212	1
137	1441	1
138	137	1
138	138	1
139	138	1
140	140	1
140	1434	1
145	145	1
145	146	1
146	146	1
148	145	1
151	151	1
152	151	1
159	159	1
160	159	1
168	168	1
168	169	1
169	169	1
169	170	1
170	88	1
170	170	1
172	180	1
180	180	1
180	570	1
186	5514	1
187	187	1
188	188	1
190	188	1
192	187	1
195	559	1
203	204	1
203	213	1
204	204	1
204	213	1
206	206	1
206	211	1
207	207	1
207	208	1
208	208	1
210	207	1
210	210	2
211	203	1
212	206	1
212	210	1
212	212	1
213	213	1
213	219	1
219	219	1
219	224	1
223	226	1
224	223	1
224	224	1
226	313	1
243	244	1
244	254	1
251	212	1
251	251	2
251	252	1
252	243	1
252	252	1
253	204	1
253	251	2
254	254	1
254	257	1
255	298	1
257	255	1
257	257	1
274	2521	1
289	290	1
290	290	1
290	291	1
291	291	1
295	312	1
301	301	1
312	312	1
312	313	1
313	313	1
313	314	1
313	318	1
314	314	1
314	317	1
317	317	1
318	333	1
331	338	1
333	315	1
336	331	1
338	485	1
343	336	1
353	353	1
353	354	1
354	354	1
355	355	1
355	363	1
355	365	1
357	355	1
357	357	1
358	357	1
358	358	1
359	358	1
359	359	1
360	359	1
360	360	1
363	363	1
364	360	1
364	364	2
364	367	1
365	364	2
365	365	2
366	365	1
367	367	1
368	368	1
368	382	1
371	368	1
371	371	2
371	373	1
373	371	1
373	2824	1
377	377	1
382	382	1
397	343	1
402	403	1
403	403	1
403	405	1
405	406	1
406	397	1
406	406	1
412	413	1
413	2662	1
416	416	1
423	423	1
426	429	1
427	423	1
427	427	2
427	434	1
428	427	1
428	428	1
429	428	1
429	429	1
430	427	1
432	416	1
432	432	1
434	432	1
434	434	1
443	466	1
445	443	1
448	426	1
448	448	1
449	448	1
449	449	1
452	452	1
452	717	1
453	706	1
454	452	1
454	458	1
456	456	2
458	456	1
458	458	1
459	454	1
459	459	1
460	449	1
461	461	1
461	463	1
462	461	1
462	462	1
463	459	1
463	463	1
463	465	1
465	5514	1
466	466	1
480	483	1
481	462	1
481	480	1
481	481	2
481	482	1
482	456	1
482	482	1
483	482	1
484	481	2
484	484	1
485	486	1
485	693	1
486	484	1
486	486	1
491	496	1
493	491	1
495	481	1
496	485	1
507	507	1
507	509	1
509	509	1
509	510	1
510	510	1
515	507	1
531	531	1
532	531	1
533	537	1
535	535	1
535	551	1
537	537	1
537	538	1
538	538	1
538	539	1
539	539	1
539	546	1
541	541	1
543	541	1
543	543	1
544	543	1
544	544	1
545	544	1
546	545	1
546	546	1
551	551	1
551	566	1
552	535	1
553	301	1
559	559	1
562	562	1
562	605	1
565	565	1
566	565	1
566	566	1
570	562	1
570	570	1
578	168	1
578	578	1
585	578	1
585	585	1
598	598	1
600	598	1
600	600	1
601	601	1
601	653	1
602	601	1
602	602	1
605	605	1
611	602	1
614	614	1
615	614	1
615	615	1
621	621	1
621	624	1
622	622	1
624	615	1
624	624	1
625	658	1
626	622	1
627	633	1
633	633	1
645	650	1
650	650	1
650	651	1
651	651	1
652	652	1
652	672	1
653	652	1
653	653	1
658	658	1
658	659	1
659	659	1
659	660	1
660	621	1
660	660	1
663	663	1
669	671	1
671	671	1
671	673	1
672	672	1
673	663	1
673	673	1
686	786	1
689	689	1
690	493	1
704	704	1
704	705	1
705	705	1
705	709	1
706	704	1
706	706	1
707	710	1
709	709	1
709	710	1
710	710	1
710	780	1
712	707	1
713	712	1
714	713	1
715	714	1
717	717	1
726	736	1
730	730	1
734	734	1
735	735	1
735	742	1
736	735	1
736	736	1
742	742	1
742	743	1
743	743	1
743	768	1
744	745	1
745	745	1
745	752	1
752	752	1
752	758	1
754	754	1
754	3362	1
758	758	1
758	765	1
765	734	1
765	765	1
768	768	1
768	769	1
769	769	1
769	770	1
770	773	1
773	773	1
776	783	1
779	776	1
780	779	1
783	783	1
786	786	1
786	787	1
787	787	1
823	825	1
825	825	1
825	830	1
829	829	1
829	832	1
830	829	1
830	830	1
831	831	1
832	831	1
832	832	1
873	874	1
874	874	1
874	875	1
875	875	1
875	876	1
876	876	1
886	979	1
896	896	1
900	896	1
900	900	1
902	900	1
917	917	1
917	923	1
922	917	1
923	923	1
923	924	1
924	924	1
924	925	1
925	925	2
926	925	1
934	934	1
940	76	1
947	958	1
950	950	1
950	962	1
957	959	1
958	950	1
958	957	1
959	961	1
961	962	1
962	954	1
962	962	1
962	1021	1
979	116	1
979	210	1
979	689	1
1018	1019	1
1019	1019	1
1021	1021	1
1021	2022	1
1023	1018	1
1023	2021	1
1025	1023	1
1047	1047	1
1049	1047	1
1071	1071	1
1071	1074	1
1072	1071	1
1072	1072	1
1073	1073	1
1073	1080	1
1074	1074	1
1074	1075	1
1075	1076	1
1076	1073	1
1076	1076	1
1077	1072	1
1078	1077	1
1079	1079	1
1080	1079	1
1080	1080	1
1151	2548	1
1266	1265	1
1267	1268	1
1268	1304	1
1269	1270	1
1270	1266	1
1270	1270	1
1304	1269	1
1305	1305	1
1305	1308	1
1308	1267	1
1310	1311	1
1311	1305	1
1357	1358	1
1358	1359	1
1359	947	1
1374	4604	1
1379	1379	1
1381	1379	1
1383	1383	1
1383	1394	1
1384	1384	1
1384	1385	1
1385	1383	1
1385	1385	1
1394	1394	1
1399	1399	1
1399	1400	1
1400	1384	1
1400	1400	2
1400	1408	1
1402	1400	1
1402	1402	1
1403	1399	1
1403	1403	1
1404	1402	1
1404	1403	1
1404	1404	1
1406	1404	1
1406	1406	1
1407	1445	1
1408	1408	1
1420	2512	1
1427	1407	1
1427	1431	1
1431	1431	1
1431	1432	1
1432	1432	1
1432	1433	1
1433	1433	1
1433	1439	1
1439	1439	1
1441	1427	1
1445	1381	1
1448	1406	1
1452	1452	1
1464	1464	1
1464	1468	1
1465	1452	1
1465	1465	1
1468	1465	1
1468	1468	1
1469	1464	1
1469	1469	1
1470	1469	1
1479	1480	1
1480	1504	1
1488	1489	1
1489	1479	1
1489	1489	1
1499	1515	1
1501	1501	1
1501	1502	1
1502	1499	1
1504	1501	1
1504	1504	1
1553	6910	1
1555	1555	1
1556	1556	1
1556	1567	1
1560	1560	1
1560	1561	1
1561	1561	2
1561	1562	1
1562	1562	1
1562	1563	1
1563	1556	1
1563	1563	1
1565	1565	1
1565	1585	1
1567	1568	1
1568	1576	1
1576	1576	1
1585	1585	1
1587	1565	1
1610	1646	1
1615	1690	1
1624	1690	1
1630	1630	1
1630	1687	1
1633	1610	1
1633	1633	1
1633	1685	1
1634	1635	1
1635	1633	1
1635	1635	1
1637	1630	1
1637	1637	1
1646	1646	1
1646	1653	1
1651	5514	1
1652	1651	1
1653	1652	1
1655	1655	1
1655	1656	1
1656	1656	1
1656	1657	1
1657	1657	1
1666	1655	1
1673	1697	1
1681	1673	1
1681	1681	2
1681	1687	1
1683	1637	1
1684	1624	1
1685	1686	1
1686	1683	1
1686	1686	1
1686	1694	1
1687	1618	1
1687	1684	1
1687	1687	1
1690	1690	2
1691	1615	1
1694	1681	1
1694	1696	1
1696	1681	1
1697	4592	1
1731	1731	1
1731	1950	1
1735	1731	1
1736	1735	1
1736	1736	1
1736	1823	1
1737	1737	2
1737	1742	1
1742	1736	1
1747	1737	1
1748	4634	1
1752	1755	1
1755	1755	1
1755	1759	1
1759	1759	1
1765	1765	1
1767	1767	1
1768	1767	1
1769	1769	1
1769	1770	1
1770	1770	1
1772	1765	1
1774	1775	1
1775	1779	1
1779	1779	1
1779	1780	1
1780	1769	1
1823	1752	1
1829	1737	1
1858	1858	1
1861	1861	1
1861	1867	1
1862	1861	1
1867	1867	1
1872	1890	1
1873	1858	1
1873	1873	2
1873	1875	1
1874	1873	1
1874	1874	1
1875	1875	1
1875	1876	1
1876	1872	1
1876	1876	1
1886	1892	1
1887	1886	1
1890	1890	1
1892	1892	1
1892	1894	1
1894	1873	1
1894	1874	1
1894	1894	1
1901	1926	1
1907	1908	1
1908	1908	1
1908	1909	1
1909	1909	1
1909	1910	1
1910	1910	1
1910	1912	1
1911	1911	1
1911	1921	1
1912	1912	1
1912	1913	1
1913	1911	1
1913	1913	1
1921	1921	1
1921	1927	1
1922	1923	1
1923	1923	1
1923	1926	2
1924	1924	2
1924	1946	1
1925	1560	1
1926	1924	2
1926	1926	3
1927	1922	1
1927	1927	1
1943	1901	1
1945	1923	1
1946	1946	1
1946	1949	1
1949	1561	1
1949	1949	1
1950	1555	1
1950	1950	1
1957	4634	1
2010	2011	1
2011	2011	1
2011	2019	1
2018	2018	2
2019	1025	1
2019	2018	2
2019	2019	1
2020	2010	1
2020	2020	1
2021	2019	1
2021	2020	1
2022	2021	1
2022	2022	1
2023	2023	1
2023	2031	1
2024	2023	1
2025	2019	1
2027	2025	1
2029	2027	1
2029	2029	1
2031	2029	1
2034	2059	1
2058	2058	1
2058	2070	1
2059	2058	1
2059	2059	1
2070	2164	1
2080	2080	1
2081	2083	1
2083	2080	1
2084	2084	1
2084	2085	1
2084	3362	1
2085	2081	1
2085	2085	1
2090	2094	1
2094	2089	1
2097	2090	1
2099	2101	1
2100	2099	1
2101	2097	1
2106	4502	1
2110	2111	1
2111	2112	1
2112	2114	1
2114	2100	1
2157	2157	1
2157	2160	1
2158	2157	1
2159	2159	1
2159	2162	1
2160	2161	1
2161	2161	1
2161	2162	1
2162	2162	2
2162	2168	1
2164	2159	1
2165	2084	1
2167	2166	1
2167	2167	1
2168	2167	1
2179	2353	1
2251	2315	1
2252	2251	1
2256	2670	1
2257	2256	1
2257	2257	1
2260	2257	1
2260	2260	1
2260	2675	1
2262	2260	1
2262	2262	2
2262	2662	1
2264	2262	1
2264	2264	1
2264	2272	1
2265	2264	1
2267	2267	1
2267	2268	1
2268	2262	1
2268	2268	1
2271	2271	1
2271	2276	1
2272	2272	1
2272	2273	1
2273	2273	1
2273	2274	1
2274	2271	1
2274	2274	1
2276	2276	1
2276	2277	1
2277	2277	1
2277	2278	1
2278	2278	1
2293	2264	1
2295	2295	1
2296	2295	1
2300	2300	1
2302	2304	1
2303	2300	1
2303	2303	1
2304	2304	1
2304	2309	1
2307	2302	1
2309	2303	1
2309	2309	1
2309	2316	1
2313	2313	1
2313	2325	1
2314	2313	1
2314	2314	1
2315	2314	1
2315	2315	1
2315	2339	1
2316	2316	1
2316	2320	1
2320	2321	1
2321	2319	1
2325	2325	1
2339	5514	1
2346	2179	1
2346	2376	1
2351	2351	1
2351	2375	1
2352	2351	1
2352	2352	1
2353	2352	1
2353	2353	1
2370	2370	1
2371	2370	1
2373	2375	1
2375	2375	2
2376	5514	1
2385	2414	1
2402	2385	1
2402	2402	1
2402	2472	1
2414	2415	1
2415	2267	1
2415	2346	1
2416	2410	1
2416	2416	1
2430	2436	1
2436	2436	1
2436	2438	1
2438	2438	2
2438	2439	1
2439	2439	1
2439	2449	1
2440	2440	1
2440	2441	1
2441	2441	1
2443	2440	1
2443	2443	1
2445	2446	1
2446	2438	1
2446	2446	1
2448	2448	1
2448	2450	1
2449	2448	1
2449	2449	1
2450	2443	1
2465	2402	1
2472	2472	1
2503	2309	1
2512	1151	1
2512	2512	1
2521	2521	1
2531	2531	1
2532	2531	1
2532	2532	1
2535	2538	1
2538	2540	1
2538	2625	1
2540	2540	1
2540	2602	1
2541	2532	1
2541	2541	1
2546	2548	1
2548	2548	1
2548	5514	1
2602	2541	1
2612	2612	1
2612	2615	1
2613	353	1
2613	2612	1
2613	2613	1
2614	371	1
2614	2613	1
2614	2614	2
2615	2614	2
2615	2615	2
2616	2615	1
2625	1044	1
2625	2625	1
2666	2260	1
2666	2666	1
2668	730	1
2668	3470	1
2670	2670	1
2670	2672	1
2672	2673	1
2675	2416	1
2690	2267	1
2690	2690	1
2692	2666	1
2692	2693	1
2693	2690	1
2693	2693	1
2703	2865	1
2709	2716	1
2710	2709	1
2710	2715	1
2711	2710	1
2711	2711	1
2712	2714	1
2713	2712	1
2714	2711	1
2714	2714	1
2715	2716	1
2716	2725	1
2716	2729	1
2720	2719	1
2722	2720	1
2723	2722	1
2725	2723	1
2727	2727	1
2729	5058	1
2730	3465	1
2746	2746	1
2817	2818	1
2818	2839	1
2824	373	1
2824	2824	2
2824	2826	1
2824	2844	1
2826	2824	1
2826	2826	1
2826	2839	1
2835	2835	1
2835	2836	1
2835	2855	1
2836	2837	1
2837	2841	1
2838	2835	1
2839	2838	1
2839	2839	2
2840	2826	1
2841	2845	1
2844	377	1
2844	2844	1
2845	2840	1
2855	2727	1
2855	2855	1
2865	2866	1
2866	2824	1
2889	2890	1
2890	2890	1
2890	2891	1
2890	2894	1
2891	2891	1
2891	2892	1
2892	2892	1
2892	2893	1
2894	2890	1
2894	2899	1
2895	2894	1
2895	2895	1
2896	2897	1
2896	2899	1
2897	2897	1
2899	2895	1
2899	2896	1
2899	2899	2
2900	2896	1
2914	2835	1
2923	2983	1
2924	2924	1
2924	2926	1
2925	2946	1
2925	3052	1
2926	2926	1
2926	2927	1
2927	2927	1
2939	2939	1
2939	2957	1
2939	2978	1
2943	2924	1
2945	2939	1
2946	2945	1
2948	2939	1
2950	2952	1
2952	2948	1
2955	2950	1
2956	2967	1
2957	2956	1
2958	2959	1
2959	2960	1
2960	2961	1
2961	2967	1
2962	2955	1
2962	2962	1
2962	2972	1
2967	2962	2
2967	2967	1
2970	2713	1
2972	2978	1
2978	2977	1
2978	2978	1
2981	2923	1
2983	2983	1
2983	3009	1
3002	3002	1
3006	3002	1
3008	3006	1
3008	3008	1
3009	3008	1
3009	3009	1
3034	3047	1
3047	3047	1
3047	3048	1
3048	3048	1
3052	3052	1
3052	3055	1
3055	3055	1
3055	3081	1
3062	3064	1
3063	3062	1
3064	3065	1
3065	3121	1
3066	3066	1
3068	3075	1
3074	3063	1
3075	3074	1
3102	3066	1
3102	3102	1
3104	3068	1
3104	3102	1
3121	3152	1
3150	3150	1
3152	3155	1
3153	3150	1
3153	3153	1
3154	3153	1
3154	3154	1
3155	3154	1
3155	3157	1
3211	3211	1
3211	3218	1
3212	3211	1
3218	3218	1
3218	3222	1
3222	3222	1
3259	754	1
3262	3259	1
3287	2889	1
3287	3288	1
3288	3287	1
3288	3288	2
3288	3289	1
3289	3288	1
3289	3289	2
3289	3298	1
3294	3297	1
3297	3298	1
3298	3289	1
3298	3294	1
3354	3354	1
3354	3474	1
3355	3356	1
3356	3354	1
3356	3356	1
3358	3454	1
3362	3481	1
3362	4504	1
3362	5716	1
3395	3397	1
3397	3397	1
3397	3398	1
3398	3398	1
3407	3408	1
3408	3408	1
3408	3409	1
3409	3409	1
3419	3419	1
3421	3419	1
3421	3421	1
3427	3431	1
3431	3421	1
3431	3431	1
3432	3437	1
3437	3437	1
3444	3446	1
3446	3446	1
3446	3447	1
3447	3447	1
3447	3449	1
3449	3450	1
3450	3450	1
3450	3451	1
3451	3451	1
3451	3455	1
3454	3454	1
3454	3455	1
3455	3448	1
3455	3455	2
3455	3460	1
3460	3465	1
3465	3465	2
3470	3470	1
3474	2730	1
3474	3474	1
3481	3358	1
3481	3481	1
3506	3529	1
3508	3524	1
3509	3509	1
3510	3510	1
3510	3531	1
3510	3678	1
3511	3528	1
3513	3513	1
3513	3527	1
3514	3514	1
3522	3506	1
3524	3522	1
3524	3524	1
3527	3509	1
3527	3527	1
3528	3510	1
3528	3528	1
3529	3510	1
3529	3529	1
3530	3514	1
3530	3530	1
3531	3530	1
3531	3531	1
3532	3524	1
3533	3532	1
3533	3533	1
3538	4798	1
3547	3548	1
3548	3538	1
3548	3548	1
3551	3558	1
3552	3552	1
3552	3555	1
3555	3551	1
3557	3572	1
3558	3557	1
3572	3575	1
3575	3575	1
3576	3576	1
3576	3612	1
3577	3576	1
3577	3577	1
3578	3578	1
3578	3587	1
3579	3578	1
3579	3579	1
3580	3579	1
3580	3580	1
3581	3580	1
3587	3577	1
3587	3587	1
3612	3612	1
3615	3552	1
3616	3615	1
3616	3617	1
3617	3616	1
3617	3617	1
3617	3618	1
3618	3575	1
3618	3618	1
3620	3617	1
3628	3637	1
3637	3620	1
3642	4604	1
3676	3676	1
3678	3513	1
3681	3628	1
3684	3676	1
3709	3642	1
3712	3715	1
3712	3750	1
3715	3717	1
3716	3716	1
3716	3718	1
3717	3716	1
3717	3717	1
3718	3709	1
3801	5514	1
3804	3804	1
3804	3811	1
3805	3805	1
3810	3804	1
3810	3810	1
3811	3805	1
3811	3811	1
3812	3812	1
3812	3846	1
3813	3812	1
3846	3810	1
3846	3846	1
3853	3853	1
3855	3987	1
3856	3853	1
3856	3856	1
3856	6258	1
3907	3929	1
3910	3968	1
3915	3915	1
3915	3929	1
3917	3917	1
3917	6034	1
3919	3919	1
3919	3972	1
3923	3934	1
3925	3925	1
3925	3926	1
3926	3915	1
3926	3926	1
3927	3919	1
3929	3929	1
3934	3934	1
3934	3939	1
3936	3936	1
3936	3938	1
3937	3936	1
3937	3937	1
3938	3938	1
3938	3941	1
3939	3937	1
3939	3939	1
3941	3941	1
3941	3995	1
3950	3925	1
3953	3910	1
3967	3967	1
3967	4001	1
3968	3968	1
3968	4002	1
3971	3971	1
3972	3971	1
3972	3972	1
3986	3856	1
3986	3986	1
3987	3986	1
3987	3987	1
3995	3995	1
3997	3998	1
3998	3917	1
3999	4000	1
4000	3997	1
4002	3999	1
4052	4167	1
4055	4056	1
4056	4056	1
4056	4057	1
4057	4057	1
4057	4058	1
4058	4081	1
4067	4067	1
4067	4068	1
4068	4067	1
4068	4068	1
4068	4153	1
4081	4081	1
4098	4052	1
4117	4129	1
4122	4117	1
4125	4098	1
4125	4125	1
4125	4126	1
4126	4122	1
4126	4125	1
4126	4126	1
4129	4133	1
4133	4126	1
4133	4170	1
4137	940	1
4148	4149	1
4149	4149	1
4149	4151	1
4150	4150	1
4150	4152	1
4151	4150	1
4151	4151	1
4152	4152	1
4152	4154	1
4153	4068	1
4153	4152	1
4153	4153	1
4154	4153	1
4159	4159	1
4159	7058	1
4160	4159	1
4160	4160	1
4161	4160	1
4163	5501	1
4164	4185	1
4165	4164	1
4167	4167	1
4167	4171	1
4169	4169	1
4169	7059	1
4170	4171	1
4171	4067	1
4171	4171	1
4178	5795	1
4184	4169	1
4185	4184	1
4185	4185	2
4185	6084	1
4203	4250	1
4211	4211	1
4213	4259	1
4214	4211	1
4214	4214	1
4219	4227	1
4226	4226	1
4226	4228	1
4227	4226	1
4227	4227	1
4228	4229	1
4229	4230	1
4230	4214	1
4230	4230	1
4235	4235	1
4236	4213	1
4238	4238	1
4238	4245	1
4240	4238	1
4241	4240	1
4241	4241	1
4242	4241	1
4245	4246	1
4246	4247	1
4247	4251	1
4250	4235	1
4250	4250	1
4251	4253	1
4253	4255	1
4255	4203	1
4259	4178	1
4259	4259	1
4323	4323	1
4324	4323	1
4324	4324	1
4327	4324	1
4337	4356	1
4338	5832	1
4343	4343	1
4343	4357	1
4349	4349	1
4349	4351	1
4350	4349	1
4351	4351	1
4351	4401	1
4356	4356	3
4356	4359	1
4356	4365	1
4357	4357	1
4358	4366	1
4359	4359	1
4361	4361	1
4361	4363	1
4362	4361	1
4362	4362	1
4363	4356	1
4363	4363	1
4364	4362	1
4365	4365	1
4366	4356	1
4366	4366	1
4374	4374	1
4374	4379	1
4376	4374	1
4379	4364	1
4401	6000	1
4463	4463	1
4463	4495	1
4471	4471	1
4471	4557	1
4472	4472	1
4472	4492	1
4473	4472	1
4489	2084	1
4492	4471	1
4494	4494	1
4495	4495	1
4495	4570	1
4502	2110	1
4502	4502	1
4504	4504	1
4504	4603	1
4511	4463	1
4541	4541	1
4546	4548	1
4547	4547	1
4548	4547	1
4548	4548	1
4556	4556	1
4556	4609	1
4557	4558	1
4557	4609	1
4558	4556	1
4558	4558	1
4560	4494	1
4570	4570	1
4592	4594	1
4594	4595	1
4595	6954	1
4597	4602	1
4601	5514	1
4602	4602	1
4603	4560	1
4603	4603	1
4604	600	1
4604	3287	1
4609	4541	1
4609	4629	1
4629	7291	1
4634	5297	1
4652	4656	2
4654	4652	1
4654	4654	1
4655	4654	1
4655	4655	1
4656	4656	2
4656	4657	2
4657	4657	2
4657	4659	2
4658	4658	2
4658	4713	1
4658	4714	1
4659	2668	1
4659	4658	2
4659	4659	2
4662	4662	1
4662	4724	1
4665	4662	1
4685	4685	1
4693	4685	1
4693	4693	1
4704	4693	1
4707	4708	1
4708	4704	1
4708	4708	1
4708	4714	1
4711	4655	1
4713	4713	1
4714	4659	1
4714	4710	1
4714	4714	2
4724	4724	1
4724	4725	1
4725	4725	1
4725	4726	1
4726	2746	1
4726	4726	1
4751	4178	1
4755	4755	1
4757	4757	1
4777	4755	1
4778	4757	1
4778	4778	1
4798	6498	1
4801	4778	1
4801	4801	1
4802	4801	1
4802	4802	1
4803	4802	1
4858	4858	1
4859	4860	1
4860	4858	1
4860	4860	1
4883	4883	1
4883	4891	1
4886	4178	1
4886	4886	1
4888	4890	1
4890	4883	1
4890	4890	1
4891	4891	1
4891	4895	1
4895	4886	1
4895	4895	1
5048	5048	1
5048	5049	1
5049	5049	1
5054	5057	1
5057	5057	1
5058	5058	1
5058	5059	1
5059	5059	1
5059	5062	1
5062	5062	1
5062	5063	1
5063	5063	1
5077	5079	1
5078	5048	1
5078	5078	1
5079	5078	1
5079	5079	1
5116	5116	1
5116	5123	1
5119	5115	1
5119	5119	1
5120	5132	1
5121	5122	1
5122	5116	1
5122	5122	1
5123	5124	1
5124	5128	1
5128	5128	1
5128	5129	1
5129	5119	1
5129	5129	1
5130	5130	1
5130	5133	1
5132	5130	1
5132	5132	1
5133	5133	1
5145	5145	1
5145	5151	1
5147	5145	1
5150	5156	1
5151	5151	1
5156	5156	1
5156	5159	1
5158	5165	1
5159	5158	1
5159	5159	1
5160	5164	1
5164	5159	1
5165	5184	1
5174	5177	1
5175	5175	1
5175	5202	1
5177	5183	1
5179	5175	1
5179	5179	1
5180	5182	1
5181	5180	1
5182	5201	1
5183	5179	1
5184	5204	1
5201	5174	1
5202	5202	1
5204	5181	1
5254	5254	1
5254	5274	1
5255	5254	1
5268	5268	1
5269	5268	1
5269	5269	1
5274	5269	1
5274	5274	1
5277	5278	1
5278	5255	1
5278	5278	1
5279	5279	1
5279	5288	1
5285	5277	1
5285	5285	1
5286	5279	1
5286	5286	1
5287	5286	1
5288	5285	1
5288	5288	1
5297	5297	1
5300	5301	1
5301	5301	1
5302	5304	1
5304	5304	2
5305	5304	1
5313	5313	1
5313	5314	1
5314	4178	1
5314	5314	1
5314	5731	1
5316	5316	1
5320	5320	1
5320	5321	1
5321	5321	1
5328	5320	1
5335	5335	1
5345	5345	1
5345	5362	1
5346	5313	1
5349	5335	1
5359	5359	1
5360	5366	1
5361	5361	1
5362	5362	1
5362	5407	1
5364	5364	1
5365	5365	1
5365	5397	1
5366	5361	1
5366	5365	1
5366	5366	1
5386	5386	1
5386	5391	1
5391	5391	1
5397	5397	1
5401	5734	1
5407	5364	1
5407	5407	1
5410	5410	1
5412	5412	1
5412	5413	1
5412	5454	1
5413	5530	1
5420	5420	1
5420	5491	1
5422	5420	1
5422	5422	1
5424	5422	1
5436	5438	1
5438	5438	1
5450	5450	1
5450	5451	1
5451	5451	1
5451	5452	1
5452	5452	1
5454	5454	1
5454	5460	1
5460	5460	1
5460	5465	1
5465	5465	1
5465	5468	1
5465	5471	1
5468	5428	1
5468	5468	1
5471	5471	1
5491	2668	1
5495	5495	1
5495	5497	1
5496	5495	1
5497	5497	1
5497	5498	1
5498	5498	1
5501	5316	1
5501	5359	1
5501	5410	1
5503	5503	1
5503	5510	1
5510	5511	1
5511	5511	1
5517	5450	1
5530	5503	1
5530	5530	1
5531	5386	1
5531	5531	1
5533	5534	1
5534	5536	1
5535	5412	1
5535	5531	1
5536	5412	1
5536	5536	1
5548	4604	1
5554	5554	1
5577	5577	1
5577	5588	1
5588	5554	1
5602	5603	1
5603	5577	1
5603	5603	1
5623	5623	1
5623	5676	1
5630	5634	1
5634	5634	1
5642	5642	1
5642	5643	1
5643	5643	1
5645	5642	1
5646	5645	1
5646	5646	1
5647	5646	1
5647	5647	1
5648	5647	1
5648	5648	1
5649	5652	1
5652	5648	1
5652	5652	1
5656	4634	1
5656	5656	1
5659	5656	1
5664	5577	1
5664	5664	1
5666	5664	1
5670	5623	1
5674	5674	1
5674	5714	1
5675	5675	1
5675	5678	1
5676	5676	1
5677	5675	1
5678	5674	1
5680	5682	1
5681	5677	1
5682	5681	1
5694	5670	1
5694	5694	1
5695	5895	1
5704	5704	1
5704	5707	1
5706	5704	1
5707	5707	1
5707	5713	1
5713	5713	1
5714	5716	1
5716	5716	1
5716	5718	2
5718	5694	1
5718	5718	1
5718	5789	1
5729	5729	1
5731	5731	1
5734	5734	1
5741	5742	1
5742	5742	1
5749	5729	1
5759	5759	1
5771	5759	1
5771	5771	1
5777	5771	1
5781	5795	1
5795	5795	2
5795	5803	1
5802	5802	1
5803	5802	1
5803	5803	1
5832	4343	1
5849	5849	1
5849	5850	1
5850	5850	1
5850	5851	1
5851	5851	1
5851	5876	1
5869	5869	1
5869	5870	1
5870	5870	1
5870	5872	1
5872	5872	1
5872	5970	1
5874	5875	1
5875	5869	1
5875	5875	1
5876	5876	1
5883	5849	1
5895	5895	1
5895	5896	1
5896	5896	1
5901	5901	2
5901	5902	1
5902	5902	1
5902	5913	1
5911	5695	1
5913	5913	1
5913	5914	1
5914	5914	1
5918	5901	2
5918	5918	2
5920	5921	1
5921	5918	1
5921	5921	1
5926	5926	1
5926	5933	1
5927	5927	1
5927	5928	1
5928	5926	1
5928	5928	1
5931	5918	1
5933	5934	1
5934	5942	1
5935	5935	1
5935	5939	1
5939	5939	1
5939	5940	1
5940	5940	1
5940	5941	1
5941	5941	1
5942	5935	1
5947	5957	1
5955	5927	1
5956	4604	1
5956	5956	1
5957	5956	1
5957	5957	1
5962	4604	1
5962	5962	1
5983	5939	1
5998	6001	1
6000	5998	1
6001	6001	1
6001	6003	1
6003	6003	1
6007	6007	1
6010	6010	1
6020	6010	1
6023	6023	1
6023	6150	1
6026	6023	1
6034	3907	1
6035	3917	1
6037	6037	1
6069	6037	1
6084	6086	1
6085	6035	1
6085	6085	1
6086	6085	1
6087	4185	1
6105	6007	1
6105	6105	1
6107	6105	1
6109	6114	1
6114	6114	1
6130	6130	1
6130	6183	2
6132	6132	1
6134	6137	1
6137	6137	1
6137	6140	1
6140	6140	1
6140	6141	1
6141	6141	1
6150	3967	1
6150	6150	1
6156	6156	1
6156	6158	1
6157	6157	1
6157	6203	1
6158	6157	1
6158	6158	1
6159	6156	1
6159	6159	1
6168	6168	1
6168	6171	1
6169	6168	1
6169	6169	1
6171	6171	1
6172	6169	1
6174	6174	1
6179	6179	1
6181	6174	1
6182	6130	1
6182	6132	1
6182	6179	1
6182	6182	2
6183	6159	1
6183	6182	2
6183	6183	2
6193	5345	1
6193	6194	1
6194	6194	1
6201	6201	1
6203	6203	1
6235	6238	1
6238	6238	1
6241	6201	1
6241	6241	1
6243	6275	1
6254	6295	1
6258	6258	1
6275	6241	1
6295	6295	1
6312	4178	1
6327	6353	1
6344	6344	1
6344	6350	1
6345	6346	1
6346	6344	1
6350	6350	1
6350	6351	1
6351	6351	1
6351	6352	1
6352	6327	1
6352	6352	1
6358	6362	1
6360	6360	1
6361	6360	1
6361	6361	1
6362	6361	1
6362	6362	1
6379	3533	1
6402	6402	1
6403	6402	1
6403	6403	1
6406	6403	1
6417	6419	2
6419	6419	2
6420	6417	1
6420	6420	1
6423	6425	1
6424	6420	1
6424	6424	1
6425	6461	1
6429	6431	1
6431	6423	1
6432	6429	1
6432	6437	1
6437	6437	1
6461	6424	1
6498	6498	1
6498	6513	1
6513	6513	1
6513	6546	1
6547	4604	1
6547	6547	1
6548	6547	1
6549	6548	1
6589	6609	1
6593	6606	1
6601	6589	1
6605	6607	1
6606	6641	1
6607	5514	1
6607	6607	1
6609	6612	1
6612	6642	1
6641	6605	1
6642	6593	1
6710	6710	1
6710	6711	1
6711	6711	2
6711	6714	1
6711	6717	1
6712	6711	1
6714	6714	1
6717	6710	1
6717	6717	1
6728	6728	1
6728	6733	1
6729	6728	1
6729	6733	1
6733	6733	2
6733	6734	1
6734	6734	1
6756	6756	1
6758	6756	1
6762	6762	1
6765	6765	1
6767	6765	1
6770	6771	1
6771	6771	1
6775	7253	1
6777	6777	1
6778	6777	1
6801	6859	1
6802	6802	1
6803	6802	1
6804	1209	1
6804	6767	1
6812	6762	1
6817	6817	1
6819	6817	1
6823	6823	1
6824	6824	1
6824	6826	1
6826	6826	1
6827	6824	1
6827	6827	1
6830	6827	1
6835	6842	1
6837	6837	1
6842	6837	1
6842	6842	1
6852	6856	1
6856	6856	1
6859	4604	1
6859	6859	1
6871	6767	1
6874	3362	1
6874	6874	1
6878	4634	1
6889	6890	1
6890	6903	1
6903	6903	1
6903	6907	1
6903	6909	1
6905	6903	1
6905	6905	1
6905	6908	1
6906	6907	1
6907	6905	2
6907	6907	2
6908	1553	1
6908	6908	1
6908	6910	1
6909	5514	1
6909	6908	1
6909	6909	2
6910	1603	1
6910	6909	1
6912	6906	1
6920	6920	1
6922	6924	1
6923	6941	1
6924	6924	1
6926	6874	1
6927	6927	1
6927	6931	1
6927	7262	1
6928	6927	2
6928	6928	1
6929	6928	1
6931	6931	1
6936	6946	1
6940	6940	1
6940	6941	1
6941	6920	1
6941	6941	2
6944	6955	1
6946	6946	1
6946	7279	1
6947	6940	1
6961	6961	1
6963	6961	1
6969	6970	1
6970	6970	1
6970	6977	1
6971	6971	1
6971	6975	1
6975	6975	1
6977	6971	1
6977	6977	1
6999	7003	1
7003	7003	1
7003	7011	1
7010	7011	1
7011	5962	1
7011	7011	2
7017	7018	1
7018	7018	1
7018	7020	1
7018	7034	1
7019	7018	1
7020	7020	1
7020	7026	1
7026	7026	1
7033	7033	1
7034	7034	1
7038	7038	1
7039	6955	1
7039	7038	1
7040	4629	1
7040	7040	1
7042	5501	1
7043	4178	1
7043	7043	1
7044	7044	1
7052	7052	1
7054	7054	1
7056	7052	1
7058	7058	1
7059	7044	1
7073	7074	1
7074	7074	1
7074	7100	1
7084	7084	1
7086	7084	1
7100	7100	1
7106	4604	1
7123	4604	1
7129	7134	1
7130	7131	1
7131	7123	1
7131	7131	1
7134	7134	1
7134	7138	1
7138	7144	1
7141	4178	1
7144	7144	1
7171	7178	1
7172	7171	1
7172	7172	1
7174	7172	1
7178	4137	1
7178	7178	1
7180	7180	1
7180	7182	1
7181	7180	1
7182	7184	1
7184	7184	1
7203	4178	1
7211	7211	1
7211	7225	1
7213	7211	1
7220	7221	1
7221	7221	1
7224	7224	1
7225	7226	1
7226	7224	1
7226	7226	1
7248	7249	1
7249	7249	1
7262	7262	1
7262	7263	1
7263	7263	1
7274	7274	1
7274	7276	1
7276	7276	1
7276	7283	1
7277	7274	1
7278	99999923	1
7279	7279	1
7280	7281	1
7281	7281	1
7283	7283	1
7284	7284	1
7285	7284	1
7290	7302	1
7291	7291	1
7294	7294	1
7295	7294	1
7296	7297	1
7297	7297	1
7297	7299	1
7299	7299	1
7299	7300	1
7300	7300	1
7302	7302	1
7302	7303	1
7303	7303	1
7307	7033	1
7313	7313	1
7315	7316	1
7316	7316	1
7317	7318	2
7318	7318	2
7323	4604	1
7326	7326	1
7326	7327	1
7327	7336	1
7328	7326	1
7328	7328	1
7334	7328	1
7335	7399	1
7340	7340	1
7341	7340	1
7343	7344	1
7344	7313	1
7344	7344	1
7349	7399	1
7350	7040	1
7353	7353	2
7354	7357	1
7355	7353	2
7355	7355	2
7357	7043	1
7357	7355	2
7357	7357	1
7361	7361	1
7368	7369	1
7369	7369	1
7372	7372	1
7372	7373	1
7373	7361	1
7375	7372	1
7377	7375	1
7378	7379	1
7379	7379	1
7379	7390	1
7390	7390	1
7393	7393	1
7394	7393	1
7399	7054	1
7400	5501	1
99999923	6823	1
