ORIG	DEST	N_TOT
28	39	1
34	34	1
34	41	1
39	39	1
39	40	1
39	41	1
40	40	2
40	46	1
41	40	1
41	41	2
46	34	1
46	46	1
48	48	1
53	48	1
53	53	1
54	53	1
63	70	1
65	65	1
70	65	1
70	70	1
81	81	1
81	83	1
82	82	1
83	83	1
86	87	1
87	87	1
89	89	1
89	163	1
90	82	1
90	90	1
90	91	1
91	89	1
91	91	1
108	118	1
109	109	1
109	1239	1
110	109	1
110	110	1
111	110	1
111	111	2
112	111	2
118	118	1
130	130	1
132	130	1
140	140	1
141	140	1
142	142	1
152	152	2
152	212	1
153	154	1
154	152	2
154	154	1
159	159	1
159	162	1
160	159	1
162	162	1
162	165	1
163	81	1
163	163	1
164	90	1
164	188	1
165	165	1
177	177	1
177	185	1
178	177	1
178	178	1
180	181	1
182	182	1
182	183	1
182	574	1
183	183	2
183	195	1
185	185	1
187	178	1
187	187	1
188	187	1
188	188	1
192	192	1
194	199	1
195	192	1
195	195	1
196	562	1
199	201	1
201	201	1
201	206	1
206	206	1
209	246	1
210	207	1
210	210	1
212	210	1
217	217	1
218	217	1
218	218	1
227	228	1
228	228	1
228	229	1
229	218	1
229	229	1
229	1418	1
231	231	1
231	2516	1
232	233	1
233	233	1
233	2519	1
240	240	1
240	241	1
241	241	1
241	263	1
242	240	1
242	242	1
245	245	1
246	246	1
246	558	1
249	249	1
251	251	1
254	257	2
255	255	2
257	255	2
257	257	2
260	261	1
261	242	1
261	261	1
263	263	2
264	263	1
264	264	1
264	265	1
265	264	1
265	265	2
267	265	1
267	267	1
268	267	1
288	288	1
288	290	2
289	288	1
290	290	2
290	291	1
290	293	1
291	291	1
291	292	1
292	292	2
292	293	1
293	292	1
293	293	2
301	302	1
302	302	1
311	472	1
314	314	1
315	315	1
315	316	1
316	316	1
316	317	1
317	314	1
317	317	1
320	311	1
321	320	1
322	322	2
322	323	1
322	330	2
323	323	1
323	328	2
325	323	1
326	325	1
328	329	2
329	322	2
329	329	1
330	321	1
330	322	1
330	330	1
331	315	1
331	331	1
333	333	1
333	334	1
333	335	2
334	331	1
335	335	1
335	337	2
337	337	2
337	338	2
338	333	1
338	338	1
338	339	1
339	326	1
341	341	1
368	369	1
369	369	1
372	372	1
372	374	1
374	374	1
374	2662	1
380	384	1
380	390	1
384	384	1
384	385	1
385	385	1
385	2813	1
390	390	1
390	391	1
391	391	1
391	2811	1
393	372	1
404	404	1
411	411	1
417	418	1
418	418	1
418	419	1
418	431	1
419	442	1
423	423	1
423	424	1
424	424	1
426	418	1
430	423	1
431	432	1
432	417	1
432	430	1
432	432	2
433	411	1
433	433	1
434	432	1
434	434	1
436	436	1
438	436	1
438	438	1
439	438	1
439	439	2
439	441	1
441	404	1
441	441	1
442	439	2
442	442	2
456	487	1
459	459	1
459	463	1
463	442	1
463	463	1
464	459	1
467	341	1
467	467	1
468	467	1
471	473	1
472	471	1
472	472	1
473	517	1
479	479	1
487	487	1
492	479	1
492	492	1
493	492	1
495	495	1
500	500	1
503	500	1
508	509	1
509	509	1
509	510	1
510	510	1
510	644	1
517	530	1
520	520	1
529	529	1
533	533	1
537	533	1
537	537	1
538	529	1
538	538	1
539	537	1
539	538	1
539	539	1
541	608	1
544	544	2
544	547	1
545	544	1
545	545	1
546	539	1
546	541	1
547	546	1
548	544	1
548	545	1
548	548	1
549	548	2
551	551	1
551	566	1
552	551	1
553	553	1
554	249	1
558	194	1
558	558	1
560	560	1
562	560	1
562	562	1
565	565	1
565	567	1
566	565	1
566	566	1
567	553	1
567	567	1
573	573	1
573	575	1
574	180	1
574	574	2
574	578	1
575	182	1
575	575	1
576	573	1
578	578	1
578	592	1
579	597	1
585	585	1
585	586	1
586	586	1
586	587	1
586	588	1
587	587	1
587	594	1
587	677	1
588	588	1
590	590	1
591	585	1
592	592	1
592	593	1
593	590	1
593	593	1
594	594	1
594	596	1
596	596	1
597	597	1
598	574	1
599	601	1
600	599	1
600	601	1
601	598	1
601	601	1
601	602	1
602	602	1
606	606	1
606	609	1
607	606	1
607	607	1
608	607	1
618	618	1
618	911	1
619	618	1
620	619	1
623	620	1
629	623	1
633	629	1
641	647	1
644	644	1
644	655	1
647	647	1
648	665	1
651	652	1
652	652	1
652	653	1
652	654	1
653	653	1
653	672	1
654	654	1
655	655	1
660	663	1
661	897	1
663	663	1
665	652	1
665	665	1
671	671	1
672	671	1
672	672	1
675	676	1
676	676	1
676	683	2
677	677	3
677	686	1
677	842	2
682	682	2
682	684	2
683	682	2
683	683	2
684	677	2
684	684	2
686	686	1
686	687	1
687	687	1
687	785	1
697	687	1
698	697	1
707	707	1
707	711	1
708	707	1
708	713	1
709	710	1
710	708	1
710	710	1
711	711	1
711	712	1
711	738	1
712	711	1
712	712	2
713	713	1
713	714	1
714	712	1
714	714	1
738	738	1
769	769	2
769	770	1
769	771	1
770	769	1
770	770	2
770	804	1
771	769	1
771	771	1
772	772	2
772	773	1
772	775	1
773	770	1
773	772	1
773	773	1
774	772	1
775	775	1
780	790	1
783	783	1
785	686	1
785	785	1
790	790	2
790	791	1
791	791	1
791	793	1
793	793	1
793	823	1
796	796	1
800	800	1
800	801	1
801	801	1
804	804	1
804	805	1
805	805	1
823	796	1
823	800	1
823	823	2
824	823	1
842	842	3
842	895	1
842	896	1
843	843	1
857	842	1
876	929	1
890	891	1
891	891	1
891	893	1
892	892	1
892	894	1
893	892	1
894	895	1
895	895	1
895	896	1
895	900	1
896	677	1
896	843	1
896	896	2
897	897	1
897	898	2
898	898	2
898	899	1
898	901	1
899	899	1
900	900	1
901	901	1
904	914	1
909	909	1
909	912	1
910	909	1
911	587	1
911	911	1
912	911	1
913	913	1
914	913	1
914	914	1
914	918	1
915	919	1
917	914	1
918	915	1
918	918	2
918	924	1
919	919	1
919	921	1
921	921	1
921	922	1
922	917	1
922	922	1
924	924	1
929	929	1
933	934	1
934	910	1
934	918	1
934	934	1
936	934	1
940	936	1
943	976	1
944	944	1
950	952	1
951	951	1
952	951	1
952	952	1
959	959	1
959	961	1
961	961	1
974	1008	1
976	944	1
976	976	1
978	978	1
978	5514	1
979	183	1
979	245	1
979	495	1
979	520	1
979	783	1
979	790	1
979	978	1
979	1033	1
979	6787	1
986	974	1
986	986	1
987	986	1
987	987	1
988	987	1
988	988	1
989	988	1
998	959	1
998	998	1
999	998	1
1008	251	1
1018	1018	2
1018	1021	1
1019	1018	1
1019	1019	1
1020	1018	1
1020	1019	1
1020	1020	1
1021	1021	1
1028	1031	1
1029	1029	1
1029	2009	1
1030	1030	1
1031	1029	1
1031	1031	1
1031	1032	1
1032	1030	1
1032	1031	1
1032	1032	1
1032	1033	1
1033	1032	1
1033	1033	3
1033	1051	1
1034	1034	1
1034	1051	1
1040	1039	1
1041	1042	1
1042	1034	1
1044	2254	1
1045	1047	1
1047	1047	1
1047	1049	1
1049	1049	1
1051	1033	1
1051	1051	1
1051	1052	1
1052	1053	1
1053	1053	1
1054	1053	1
1054	1054	1
1055	1054	1
1056	1055	1
1056	1056	1
1081	979	1
1156	1156	1
1156	1157	1
1157	1157	1
1157	1167	1
1160	1160	1
1161	1160	1
1161	1161	1
1162	1161	1
1162	1162	1
1163	1163	1
1165	1165	1
1165	1166	1
1166	1163	1
1166	1166	1
1167	1167	1
1170	1165	1
1170	1170	1
1175	1175	1
1175	1179	1
1177	1177	1
1178	1177	1
1178	1178	1
1179	1178	1
1179	1179	1
1180	1175	1
1180	1180	1
1181	1181	1
1181	1182	1
1182	1170	1
1182	1182	1
1194	1195	1
1195	1181	1
1195	1195	1
1202	1213	1
1212	1212	1
1212	1215	1
1213	1212	1
1213	1213	1
1215	1215	1
1215	1216	1
1216	1216	1
1216	1219	1
1219	1219	1
1239	108	1
1242	979	1
1254	1309	1
1270	1286	1
1284	1283	1
1286	1287	1
1287	1288	1
1288	1284	1
1288	1288	1
1296	1162	1
1305	1270	1
1309	1305	1
1366	978	1
1372	1366	1
1375	1375	1
1375	1376	1
1376	1376	1
1377	1379	1
1379	1375	1
1379	1379	1
1384	1391	1
1386	1372	1
1387	1386	1
1388	1387	1
1391	1388	1
1396	1396	1
1397	1397	1
1397	1398	1
1398	1396	1
1398	1398	1
1398	1471	1
1399	1397	1
1399	1398	1
1400	1403	1
1401	1459	1
1402	1402	1
1403	1399	1
1404	1401	1
1405	1402	1
1405	1404	1
1405	1405	1
1406	1405	1
1406	1406	1
1407	1406	1
1407	1407	1
1409	1411	1
1411	1411	1
1411	1421	1
1412	1412	1
1412	1413	1
1413	1413	1
1415	1412	1
1416	1040	1
1416	1416	1
1417	1417	1
1417	2504	1
1418	1417	1
1418	1418	1
1419	1416	1
1419	1419	1
1420	1419	1
1420	1421	1
1421	1407	1
1421	1421	1
1421	1422	1
1422	1426	1
1426	1426	1
1426	1430	1
1429	154	1
1430	1429	1
1432	1435	1
1435	142	1
1435	1435	2
1436	1435	1
1459	1400	1
1465	1452	1
1468	1465	1
1471	1468	1
1484	1384	1
1486	1486	1
1486	1504	1
1487	1486	1
1489	1489	1
1492	1489	1
1499	1499	1
1499	1515	1
1501	1502	1
1502	1499	1
1502	1502	1
1503	1503	2
1503	1506	1
1504	1504	1
1506	1503	1
1506	1506	2
1508	1506	1
1509	1503	1
1509	1509	1
1510	1509	1
1510	1510	1
1511	1510	1
1511	1511	1
1512	1511	1
1512	1512	2
1513	1515	1
1515	1512	1
1515	1515	2
1515	1519	1
1519	1512	1
1570	1570	1
1571	1571	1
1571	1572	1
1572	1570	1
1572	1572	1
1577	1571	1
1577	1577	1
1581	1577	1
1594	1595	1
1595	1595	1
1603	6910	1
1634	1634	1
1639	1640	1
1640	1640	1
1640	1645	1
1641	1641	1
1645	1641	1
1645	1645	1
1646	1646	1
1647	1648	1
1648	1646	1
1648	1648	1
1658	1658	1
1658	1660	1
1660	1662	1
1661	1661	1
1662	1708	1
1665	1666	1
1666	1658	1
1666	1666	1
1669	1665	1
1671	1669	1
1688	1634	1
1688	1688	1
1689	1688	1
1704	1671	1
1706	1707	1
1707	1661	1
1707	1707	2
1708	1706	1
1708	1708	1
1712	1712	1
1712	1713	1
1713	1713	1
1713	1714	1
1714	1714	1
1715	1715	1
1715	1729	1
1718	1719	1
1719	1715	1
1719	1719	1
1722	1722	1
1722	1723	1
1723	1723	1
1723	1725	1
1724	1674	1
1725	1726	1
1726	1726	1
1729	1712	1
1734	1934	1
1735	1734	1
1736	1735	1
1736	1736	1
1743	1839	1
1744	1743	1
1746	1744	1
1750	1778	1
1755	1724	1
1757	1755	1
1759	1757	1
1761	1762	1
1762	1763	1
1763	1722	1
1763	1759	1
1764	1768	1
1765	1761	1
1768	1768	1
1768	1770	1
1770	1770	1
1770	1771	1
1771	1773	1
1772	1772	1
1773	1750	1
1773	1773	1
1773	1774	1
1774	1772	1
1774	1773	1
1774	1774	1
1778	1765	1
1781	1764	1
1782	1781	1
1783	1782	1
1785	1783	1
1785	1785	1
1791	1785	1
1792	1791	1
1797	1823	1
1802	1802	1
1802	1803	1
1803	1803	1
1807	1811	1
1810	1810	1
1810	1862	1
1811	1810	1
1811	1814	1
1813	1807	1
1814	1746	1
1818	1821	1
1821	1802	1
1821	1821	1
1823	1823	1
1823	4634	1
1824	1824	2
1824	1840	1
1824	1844	1
1824	1846	1
1825	1824	1
1825	1825	1
1826	1826	1
1826	1839	1
1827	1826	1
1827	1827	1
1829	1838	1
1831	1831	1
1831	1934	1
1832	1831	1
1832	1832	1
1833	1833	1
1834	1834	1
1834	1835	1
1835	1834	1
1835	1835	1
1835	1842	1
1836	1834	1
1838	1827	1
1838	1838	1
1839	1825	1
1839	1839	1
1839	1844	1
1840	1840	1
1840	1845	1
1840	1846	1
1842	1840	1
1843	1844	1
1844	1824	2
1844	1844	2
1845	1843	1
1845	1845	1
1846	1835	1
1846	1846	1
1856	1736	1
1857	1856	1
1858	1857	1
1858	1858	1
1861	1832	1
1861	1861	1
1862	1861	1
1862	1862	1
1884	1858	1
1921	1927	1
1922	1922	1
1926	1922	1
1926	1926	1
1927	1926	1
1927	1927	1
1934	1833	1
1934	1934	1
1934	1937	1
1936	1936	1
1936	1937	1
1937	1937	1
1937	1939	1
1938	1936	1
1938	1938	1
1951	1938	1
2006	2006	1
2006	2009	1
2008	2006	1
2009	1032	1
2009	2009	1
2011	2008	1
2023	2025	1
2025	2025	1
2025	2033	1
2029	2011	1
2029	2029	1
2030	2029	1
2032	1020	1
2032	2032	1
2033	2029	1
2033	2033	1
2033	2037	1
2034	2032	1
2034	2034	1
2037	2037	1
2037	2056	1
2040	2034	1
2041	2040	1
2057	2057	1
2058	2057	1
2058	2058	1
2059	2058	1
2059	2059	1
2061	2062	1
2062	2059	1
2062	2062	1
2095	2095	1
2095	2096	1
2097	2101	1
2098	2095	1
2098	2098	1
2100	2101	1
2101	2098	1
2101	2101	2
2101	4487	1
2107	4464	1
2112	2112	1
2113	2114	1
2114	2112	1
2114	2114	1
2125	2125	1
2125	2128	1
2126	2125	1
2126	2129	1
2129	2129	2
2129	2136	1
2129	2139	1
2131	2126	1
2131	2131	1
2133	2140	1
2134	2131	1
2135	2133	1
2136	2134	1
2137	2129	1
2137	2137	1
2138	2137	1
2139	2164	1
2140	2138	1
2141	2135	1
2164	2171	1
2171	2171	1
2171	2173	1
2173	2173	1
2173	2198	1
2174	2174	1
2174	4453	1
2175	2174	1
2180	2182	1
2182	2182	1
2182	2188	1
2183	2184	1
2183	2189	1
2184	2196	1
2185	2185	1
2187	2183	1
2187	2187	1
2188	2187	1
2189	2189	1
2189	2190	1
2190	2190	1
2191	2193	1
2193	2180	1
2196	2186	1
2198	2199	1
2199	2199	1
2199	2200	1
2200	2185	1
2254	2365	1
2272	2272	1
2277	2277	1
2278	2279	1
2279	2415	1
2280	2280	2
2280	2281	1
2280	2283	1
2281	2391	1
2282	2280	1
2282	2282	1
2283	2283	1
2283	2291	1
2284	2282	1
2291	2277	1
2291	2291	1
2301	2301	1
2305	2511	1
2316	2316	1
2316	2320	1
2320	2320	1
2320	2321	1
2321	2321	1
2326	2343	1
2332	2332	2
2332	2339	1
2333	2332	1
2333	2333	2
2333	2351	1
2339	2361	1
2340	2340	1
2342	2340	1
2343	2343	1
2343	2345	1
2345	2345	1
2347	2351	1
2350	2333	1
2350	2350	1
2351	2332	1
2351	2351	2
2351	2360	1
2359	2333	1
2360	2350	1
2361	2361	1
2365	2316	1
2365	2365	1
2367	2390	1
2369	2389	1
2371	2369	1
2388	2175	1
2389	2388	1
2389	2389	1
2390	2390	1
2390	2391	1
2391	2391	2
2393	2393	1
2396	2396	1
2396	2404	1
2396	2432	1
2397	2396	2
2397	2397	1
2398	2397	1
2398	2398	1
2398	2399	1
2399	2398	1
2399	2403	1
2400	2398	1
2401	2400	1
2403	2397	1
2403	2403	1
2404	2432	1
2406	2393	1
2413	2280	1
2414	2413	1
2414	2414	1
2415	2414	1
2415	2415	1
2432	2432	1
2432	2433	1
2433	2433	2
2433	2434	1
2434	2433	1
2434	2435	1
2435	2431	1
2438	2438	1
2438	2449	1
2439	2439	1
2440	2440	2
2440	2441	2
2441	2441	2
2441	2442	2
2442	2442	2
2442	2451	1
2442	2460	1
2443	2440	1
2445	2439	1
2445	2445	1
2449	2445	1
2449	2449	1
2449	2450	1
2450	2450	1
2450	2453	1
2451	2438	1
2452	2440	1
2452	2452	1
2453	2452	1
2453	2453	1
2460	2460	1
2461	2461	1
2461	2728	1
2504	2504	1
2506	231	1
2506	2506	1
2507	2506	1
2509	2506	1
2510	2530	1
2511	2512	1
2512	2512	1
2512	2513	1
2513	2513	1
2513	2514	1
2514	2514	1
2516	2516	1
2516	2528	1
2519	2519	1
2522	2522	1
2522	2523	1
2523	2523	1
2524	2522	1
2524	2524	1
2525	2524	1
2527	2527	1
2528	2527	1
2528	2528	1
2530	2530	1
2530	2531	1
2531	2531	1
2538	2539	1
2539	2539	1
2539	2602	1
2550	2554	1
2551	2551	1
2551	2553	1
2553	2301	1
2553	2553	1
2554	2551	1
2554	2554	1
2584	2584	1
2585	2585	1
2586	2585	1
2586	2586	1
2587	2586	1
2587	2587	1
2589	2590	1
2590	2587	1
2590	2590	1
2590	2592	1
2591	2591	1
2591	2608	1
2592	2591	1
2592	2592	1
2602	2602	1
2605	2605	1
2607	2584	1
2608	2605	1
2608	2608	1
2653	2656	1
2655	2657	1
2656	2658	1
2657	2653	1
2657	2657	1
2658	2658	1
2658	2659	1
2659	2659	1
2659	2667	1
2662	434	1
2662	6626	1
2667	2662	1
2667	2667	1
2668	433	1
2668	2272	1
2668	2748	1
2668	3054	1
2668	4676	1
2668	4973	1
2668	5045	1
2668	5046	1
2693	2693	1
2693	2695	1
2695	2702	1
2696	2693	1
2701	2707	1
2702	2701	1
2702	2702	1
2707	2710	1
2709	2715	1
2710	2709	1
2710	2710	1
2715	2715	1
2748	2748	1
2806	2809	1
2811	2818	1
2813	391	1
2817	2806	1
2817	2817	1
2818	2817	1
2818	2818	1
2830	2830	1
2868	2871	1
2871	2882	1
2876	2876	1
2876	2879	1
2879	2879	1
2882	2882	1
2882	2884	1
2884	2830	1
2884	2884	2
2884	2885	1
2885	2876	1
2885	2885	1
2886	2884	1
2895	2901	1
2897	2897	1
2897	2908	1
2898	2897	1
2898	2898	1
2899	2898	1
2901	2901	1
2901	2902	1
2902	2902	1
2908	2909	1
2909	3100	1
2915	2915	1
2922	2928	1
2926	2942	1
2927	2926	1
2928	2927	1
2928	2928	1
2928	2931	1
2930	2930	1
2931	2930	1
2931	2931	2
2931	6595	1
2935	2939	1
2935	2949	1
2936	2935	1
2939	2931	1
2939	2939	1
2939	2940	1
2940	2928	1
2940	2940	1
2941	2936	1
2942	2941	1
2949	2939	1
2961	2961	1
2962	2961	1
2962	2962	1
2972	2962	1
2981	2922	1
2981	2979	1
2981	2981	1
2982	2981	1
2984	2982	1
2984	2984	1
2988	2988	1
2988	2989	1
2989	2989	1
2989	4679	1
2990	2988	1
3002	3008	1
3008	2984	1
3008	3008	2
3009	3008	1
3029	3029	2
3030	3030	1
3030	3031	1
3031	3029	1
3031	3031	1
3032	3032	1
3033	3033	1
3033	3049	1
3036	3036	1
3036	3046	1
3037	3036	1
3042	3042	1
3042	3085	2
3046	3042	2
3046	3046	1
3046	3047	1
3047	3046	1
3047	3047	1
3047	3048	1
3048	3048	1
3048	3050	1
3049	3032	1
3049	3049	1
3050	3033	1
3050	3050	1
3054	3029	1
3054	3054	1
3071	3072	1
3072	3073	1
3074	3074	1
3074	3075	1
3075	3071	1
3075	3075	1
3076	3074	1
3078	3030	1
3079	3078	1
3079	5514	1
3084	3087	1
3085	3079	1
3085	3085	1
3085	3086	1
3086	3084	1
3086	3086	1
3087	3087	1
3087	3088	1
3088	3076	1
3100	3100	1
3111	3116	1
3112	3111	1
3113	3117	1
3114	3113	1
3116	3114	1
3117	3123	1
3122	3122	1
3122	3152	1
3123	3122	1
3123	3123	1
3131	3131	1
3131	3198	1
3132	3131	1
3132	3132	1
3142	3132	1
3152	3152	1
3152	3155	1
3155	3155	1
3155	3157	1
3157	3157	1
3158	3174	1
3166	3166	1
3166	3167	1
3167	3167	1
3167	3169	1
3168	3166	1
3168	3168	1
3170	3170	1
3170	3171	2
3171	3168	1
3171	3171	2
3172	3172	1
3172	3173	1
3173	3173	1
3173	3174	1
3174	3170	2
3174	3174	2
3185	3172	1
3198	3198	1
3214	3215	1
3215	3215	1
3218	3218	1
3218	3229	1
3219	3219	1
3220	3219	1
3220	3220	1
3221	3222	1
3222	3222	1
3222	3238	1
3223	3223	1
3223	3224	1
3224	3220	1
3224	3224	1
3227	3218	1
3227	3227	1
3228	3227	1
3229	3229	1
3229	3233	1
3230	3214	1
3230	3230	1
3231	3230	1
3232	3268	1
3233	3232	1
3238	3223	1
3238	3238	1
3268	3231	1
3268	3268	1
3273	3273	1
3279	3306	1
3281	3273	1
3281	3281	1
3283	3296	1
3296	3279	1
3302	3302	1
3302	3303	1
3303	3303	1
3303	3304	1
3304	3281	1
3306	3047	1
3306	3311	1
3311	3312	1
3312	3312	1
3312	3313	1
3313	3316	1
3315	3302	1
3315	3315	1
3316	3315	1
3353	3472	1
3360	3360	1
3360	3440	1
3362	1056	1
3362	3362	1
3362	3479	1
3362	3538	1
3362	5518	1
3362	7339	1
3363	3363	2
3363	3366	1
3364	3363	1
3364	3364	2
3365	3364	1
3365	3365	1
3366	3364	1
3366	3366	2
3366	3367	1
3367	3362	1
3367	3365	1
3367	3366	1
3367	3367	1
3368	3366	1
3368	3368	2
3370	3368	1
3373	3373	1
3373	3374	1
3374	3374	1
3374	5506	1
3378	3370	1
3385	3368	1
3385	3385	1
3386	3385	1
3386	3386	1
3386	3389	1
3387	3388	1
3388	3386	1
3388	3388	1
3389	3389	1
3395	3442	1
3413	3414	1
3414	3414	1
3414	3419	1
3417	3418	1
3418	3418	1
3419	3417	1
3419	3419	1
3426	3426	1
3427	3360	1
3427	3427	1
3430	3430	1
3430	3431	1
3431	3431	2
3431	3432	2
3432	3427	1
3432	3430	1
3432	3432	2
3432	3433	1
3433	3426	1
3433	3433	2
3434	3433	1
3434	3434	1
3436	3434	1
3438	3436	1
3438	3438	1
3438	3439	1
3439	3431	1
3439	3439	1
3440	3445	1
3442	3442	1
3442	3443	1
3443	3438	1
3443	3443	1
3445	3445	1
3455	3460	1
3456	3456	1
3457	3456	1
3457	3457	1
3458	3457	1
3458	3458	1
3460	3460	1
3465	2668	1
3466	3458	1
3466	3466	1
3467	3468	1
3468	3466	1
3468	3468	1
3471	3471	1
3472	3471	1
3472	3472	1
3479	3373	1
3502	3502	1
3506	3506	1
3506	3527	1
3507	3521	1
3508	3508	1
3508	3525	2
3509	3509	1
3509	3527	1
3509	3681	1
3510	3521	1
3511	3527	1
3513	3513	1
3513	3514	1
3513	3638	1
3514	3624	1
3515	3515	1
3516	3516	1
3516	3621	1
3517	3517	1
3517	3518	1
3518	3518	2
3519	3518	1
3520	3519	1
3520	3520	1
3520	3550	1
3521	3521	2
3521	3522	1
3521	3621	1
3522	3507	1
3522	3522	1
3522	3523	1
3523	3508	1
3524	3524	1
3525	3509	2
3525	3525	1
3526	3524	1
3526	3526	1
3527	3527	2
3527	3528	1
3527	3531	1
3528	3513	1
3529	3511	1
3531	3681	1
3535	3522	1
3536	3544	1
3537	3537	1
3538	3682	1
3541	3541	1
3541	3703	1
3544	3673	1
3550	3520	1
3550	3550	2
3555	3558	1
3556	3553	1
3556	3556	1
3558	3556	1
3558	3558	1
3560	3560	1
3576	3576	1
3576	3599	1
3577	3576	1
3581	3585	1
3585	3585	1
3588	3588	1
3588	3594	1
3590	3591	1
3591	3591	1
3591	3592	1
3592	3588	1
3592	3592	1
3594	3595	1
3595	3595	1
3595	3597	1
3597	3597	2
3598	3598	1
3598	3600	1
3599	3598	1
3599	3599	1
3600	3685	1
3601	3601	1
3601	3604	1
3604	3597	1
3604	3604	1
3604	3605	1
3605	3649	1
3606	3604	1
3619	3624	1
3621	3515	1
3621	3517	1
3621	3621	3
3622	3622	1
3622	3623	2
3623	3516	1
3623	3621	1
3623	3623	2
3624	3622	2
3624	3624	1
3628	3636	2
3630	3630	1
3630	3631	1
3630	3632	1
3631	3620	1
3632	3632	1
3632	3633	1
3633	3633	1
3634	3630	1
3635	3646	1
3636	3635	1
3636	3636	1
3636	3643	1
3638	3628	2
3639	3639	1
3639	3688	1
3642	3639	1
3643	3645	1
3645	3646	1
3646	3630	1
3646	3634	1
3646	3646	1
3649	3649	1
3649	3654	1
3650	3650	1
3650	3651	1
3651	3651	1
3654	3650	1
3654	3654	1
3672	3513	1
3672	3537	1
3672	3550	1
3672	3672	1
3673	3506	1
3673	3541	1
3673	3673	2
3676	3560	1
3676	3676	1
3681	3510	1
3681	3672	1
3681	3681	2
3681	3694	1
3682	3672	1
3682	3682	1
3685	3601	1
3688	7111	1
3694	3673	1
3694	3676	1
3695	3695	1
3698	3747	1
3700	3700	1
3700	3704	1
3701	3700	1
3702	3701	1
3702	3702	1
3703	3702	1
3704	3695	1
3708	7157	1
3713	3720	1
3714	3713	1
3716	3714	1
3716	3716	2
3720	3743	1
3727	3716	2
3732	3732	1
3732	3733	1
3733	3733	1
3734	3732	1
3734	3734	1
3735	3735	1
3735	3736	1
3736	3734	1
3736	3736	1
3740	3735	1
3741	3746	1
3743	3708	1
3743	3743	1
3743	3748	1
3744	3744	1
3744	3745	1
3745	3743	1
3745	3745	1
3746	3744	1
3747	3741	1
3747	3747	1
3802	3802	2
3802	3808	1
3802	6458	1
3803	3803	1
3803	3804	1
3803	6448	1
3804	3804	1
3806	3803	1
3808	3808	1
3808	3809	1
3809	3806	1
3809	3809	1
3810	3810	1
3811	3810	1
3814	3814	1
3815	3817	1
3816	3841	1
3817	3817	1
3817	3821	1
3821	3821	1
3821	3822	1
3822	3822	1
3830	3821	1
3830	3830	1
3831	3830	1
3838	3642	1
3838	3838	1
3838	3983	1
3841	3814	1
3841	3841	1
3845	3802	1
3850	3850	1
3850	6226	1
3854	3854	1
3902	3989	1
3903	3850	1
3904	3904	1
3904	3912	1
3911	3911	1
3911	3948	1
3912	3912	1
3912	3960	1
3912	4004	1
3917	3917	1
3917	3968	1
3921	3904	1
3921	3921	1
3922	3922	1
3922	3924	1
3924	3924	1
3925	3922	1
3925	3925	1
3926	3925	1
3930	4002	1
3941	3945	1
3945	3945	1
3948	3948	1
3952	3911	1
3954	3954	1
3959	4004	1
3960	3959	1
3960	3960	1
3963	3963	1
3963	3992	1
3968	3968	1
3969	3921	1
3971	3972	1
3972	3972	1
3972	3976	1
3973	3972	1
3973	3973	1
3973	3974	1
3973	3979	1
3974	3974	3
3975	3978	1
3976	3977	1
3977	3974	1
3977	3977	1
3978	3978	1
3978	3993	1
3979	3979	2
3979	3980	1
3979	4178	1
3980	3980	1
3981	3838	1
3983	3979	1
3983	3983	1
3983	3985	1
3985	3973	1
3987	3983	1
3989	3974	1
3989	3989	1
3990	3990	1
3991	3990	1
3991	3991	1
3992	3992	1
3993	3991	1
3993	3993	1
3999	3999	1
4002	3999	1
4002	4002	1
4004	3903	1
4004	3963	1
4004	4004	2
4052	3917	1
4052	4052	1
4053	4062	1
4061	4053	1
4062	4063	1
4063	4064	1
4064	4140	1
4065	4140	1
4066	4065	1
4066	4066	2
4066	4076	1
4066	4171	1
4067	4067	1
4067	4068	1
4068	4153	1
4074	4074	1
4076	4074	1
4076	4076	2
4076	4077	1
4077	4066	1
4077	4077	1
4078	4079	1
4079	4076	1
4079	4079	1
4084	4084	1
4085	4085	2
4085	4087	1
4085	4093	1
4086	4085	1
4087	4084	1
4087	4087	1
4089	4061	1
4093	4093	1
4105	4107	1
4107	4107	1
4107	4108	1
4108	6111	1
4111	4111	1
4111	4124	1
4114	4111	1
4119	4119	1
4120	4120	1
4120	4128	1
4121	4121	1
4121	4122	1
4122	4122	1
4122	4123	1
4123	4119	1
4123	4123	1
4123	4124	1
4124	4120	1
4124	4121	1
4128	4128	1
4128	4130	1
4129	4129	1
4130	4130	1
4130	4131	1
4131	4129	1
4131	4131	1
4137	2880	1
4137	7028	1
4139	4139	1
4140	4066	1
4140	4139	1
4140	4140	1
4153	4153	1
4153	4154	1
4154	4152	1
4170	4052	1
4171	4067	1
4178	3954	1
4178	6217	1
4178	7046	1
4182	4085	1
4204	4257	1
4206	4206	1
4206	4243	1
4212	4206	1
4212	4212	1
4215	4217	1
4217	4217	1
4217	4218	1
4218	4218	1
4219	4219	1
4220	4219	1
4220	4220	1
4221	4220	1
4235	4235	1
4235	4237	1
4237	4237	1
4238	4238	1
4238	4245	1
4240	4238	1
4240	4240	1
4241	4240	1
4243	4243	1
4243	4244	1
4244	4244	1
4245	4235	1
4245	4246	1
4246	4247	1
4247	4251	1
4251	4251	1
4251	4252	1
4252	4255	1
4253	4253	1
4255	4253	1
4255	4255	1
4257	4257	1
4258	4212	1
4302	4302	1
4306	4311	1
4309	4309	1
4309	4325	2
4311	4311	1
4311	4312	1
4312	4312	2
4312	4313	1
4312	7008	1
4313	4309	1
4313	4313	1
4314	4314	1
4314	5943	1
4323	4314	1
4323	4323	1
4324	4323	1
4325	4325	2
4325	4327	1
4327	4324	1
4327	4327	1
4327	4328	1
4328	4328	1
4332	4312	1
4332	4332	1
4333	4334	1
4334	4332	1
4334	4334	1
4335	4335	1
4335	5884	1
4338	4338	1
4339	4338	1
4339	4339	2
4340	4339	1
4340	4340	1
4344	4302	1
4346	4346	1
4351	4351	1
4351	4408	1
4354	4346	1
4354	4354	1
4355	4351	1
4355	4355	1
4357	4355	1
4357	4357	1
4358	4358	1
4358	4362	1
4359	4354	1
4359	4359	1
4360	4358	1
4360	4360	1
4361	4365	1
4362	4357	1
4362	4362	1
4362	4368	1
4365	4366	1
4366	4367	1
4367	4360	1
4368	4368	1
4368	4380	1
4369	4374	1
4371	4371	1
4375	4369	1
4380	4380	1
4380	4381	1
4381	4375	1
4382	4382	1
4382	4384	1
4383	4382	1
4384	4384	1
4384	4390	1
4388	4388	1
4389	4388	1
4389	4389	1
4390	4389	1
4390	4390	1
4392	4359	1
4393	4393	1
4408	4408	1
4453	2107	1
4458	4458	1
4461	4461	1
4464	4464	1
4466	4467	1
4467	4467	1
4467	4483	1
4474	4474	1
4483	4483	1
4483	4611	1
4487	4487	1
4508	4508	1
4510	4552	1
4514	4516	1
4516	4544	1
4522	4522	1
4522	4528	1
4526	4514	1
4526	4522	1
4526	4526	1
4528	4528	1
4528	4532	1
4530	4530	1
4532	4532	1
4537	4539	1
4539	4530	1
4539	4539	1
4541	4541	1
4541	4568	1
4542	4510	1
4542	4542	1
4544	4542	1
4545	4546	1
4546	4546	1
4546	4548	1
4546	4612	1
4547	4546	1
4547	4547	1
4548	4549	1
4549	4550	1
4550	4526	1
4550	4550	1
4552	4569	1
4564	4564	1
4564	4565	1
4565	4565	1
4565	4566	1
4566	4461	1
4566	4566	1
4568	4568	1
4569	4569	1
4569	4611	1
4571	4547	1
4571	4571	1
4573	4573	2
4573	4581	1
4573	4598	1
4574	4573	2
4574	4574	2
4575	4574	2
4581	4581	1
4583	4583	1
4583	4601	1
4595	4583	1
4595	4595	1
4595	4597	1
4596	4595	1
4596	4596	1
4597	4597	1
4598	4596	1
4598	4598	1
4601	4601	1
4604	2461	1
4604	4564	1
4604	4571	1
4604	5370	1
4604	5408	1
4604	5454	1
4611	4541	1
4611	4611	1
4629	7298	1
4634	1707	1
4634	4458	1
4634	4464	1
4634	4474	1
4634	5351	1
4634	5410	1
4634	5473	1
4634	5559	1
4634	5566	1
4634	5663	1
4634	5727	1
4634	6931	1
4675	4675	1
4675	4676	1
4676	4676	2
4676	4718	1
4677	4675	1
4677	4677	1
4678	4677	1
4679	4679	1
4684	4684	1
4684	4692	1
4685	4684	1
4692	4700	1
4693	4693	1
4693	4694	1
4693	4700	1
4694	4694	1
4694	4695	1
4695	4695	1
4695	4697	1
4696	4696	1
4697	4696	1
4700	4693	1
4700	4700	2
4718	4718	1
4763	4763	1
4763	4765	1
4764	4763	1
4764	4764	1
4764	4766	1
4765	4765	2
4765	4770	1
4766	4764	1
4766	4765	1
4766	4766	1
4770	4770	1
4895	6516	1
4896	4895	1
4903	4178	1
4951	4951	1
4952	4951	1
4952	4952	1
4954	4956	1
4956	4956	1
4956	4958	1
4957	4957	1
4957	4959	1
4958	4957	1
4958	4958	1
4959	4959	1
4959	4960	1
4960	4960	1
4963	4952	1
4965	4965	1
4967	4967	2
4968	4967	1
4968	4968	1
4969	4969	2
4969	4971	1
4969	4999	1
4970	4969	2
4970	4970	1
4971	4965	1
4971	4971	1
4973	4973	1
4973	4987	1
4975	4975	1
4976	4975	1
4979	4980	1
4980	4980	1
4980	4989	1
4985	4985	1
4987	4985	1
4987	4987	1
4989	4989	1
4996	4996	1
4997	4970	1
4997	4998	1
4998	4970	1
4998	4998	1
4999	4999	1
4999	5002	1
5002	4967	1
5002	5002	1
5004	4968	1
5004	5004	1
5005	5004	1
5009	5018	1
5010	5018	1
5018	5018	2
5018	5020	1
5020	5020	1
5020	5024	1
5021	3502	1
5021	5021	1
5024	5024	1
5024	5025	1
5025	5025	1
5025	5026	1
5026	5026	1
5026	5081	1
5028	5021	1
5028	5028	1
5039	5039	1
5039	5048	1
5042	5042	1
5043	5042	1
5043	5043	1
5045	5043	1
5045	5045	1
5046	5046	1
5047	5039	1
5047	5047	1
5048	5055	1
5050	5028	1
5050	5052	1
5052	5079	1
5054	5057	1
5055	5076	1
5057	5057	1
5067	5067	1
5067	5501	1
5068	5067	1
5076	5054	1
5077	5047	1
5078	5077	1
5079	5078	1
5085	4979	1
5085	4996	1
5111	5111	1
5111	5172	1
5113	5202	1
5117	5113	1
5117	5117	1
5118	5118	1
5118	5127	1
5118	5187	1
5124	5117	1
5126	5130	1
5127	5127	2
5127	7202	1
5130	5127	1
5130	5130	1
5143	5143	1
5144	5143	1
5144	5144	1
5146	5144	1
5158	5158	1
5158	5164	1
5159	5158	1
5159	5159	1
5160	5160	1
5160	5165	1
5161	5160	1
5161	5161	1
5162	5162	1
5162	5166	1
5163	5162	1
5164	5164	1
5165	5159	1
5165	5165	1
5166	5161	1
5166	5166	1
5168	5118	1
5168	5168	1
5168	5170	1
5169	5168	1
5170	5183	1
5171	5176	1
5172	5171	1
5172	5172	1
5173	5172	1
5174	5173	1
5176	5169	1
5179	5178	1
5180	5182	1
5182	5201	1
5183	5179	1
5187	3362	1
5201	5174	1
5202	5111	1
5202	5202	1
5256	5256	1
5256	5257	1
5258	6507	1
5266	5271	1
5269	5274	1
5271	5258	1
5274	5274	1
5274	5275	1
5275	5256	1
5275	5275	1
5278	5278	1
5278	6495	1
5289	5289	1
5289	5290	1
5290	5290	1
5290	5291	1
5291	5291	1
5292	5289	1
5292	5292	1
5293	5292	1
5297	5297	1
5297	5300	1
5298	5297	1
5300	5300	1
5300	5301	1
5301	5301	1
5302	5302	1
5306	5343	1
5307	5307	1
5307	5345	1
5309	5346	1
5313	5313	1
5313	5314	1
5314	5315	1
5315	5315	2
5315	5756	1
5317	5319	1
5318	5318	1
5318	5334	1
5319	5318	1
5319	5319	1
5320	5321	1
5321	5321	1
5321	5323	1
5322	5322	1
5322	5478	1
5323	5322	1
5323	5323	1
5324	5324	1
5324	5341	1
5332	5332	1
5332	5341	1
5332	5348	1
5334	5334	1
5334	5349	1
5337	5339	1
5338	5340	1
5339	5339	1
5340	5337	1
5340	5340	1
5340	5341	1
5341	5307	1
5341	5341	3
5343	5338	1
5343	5343	1
5345	5345	1
5345	5355	1
5346	5313	1
5346	5346	1
5348	5324	1
5348	5348	1
5349	5349	1
5350	5348	1
5351	5351	1
5352	5385	1
5354	6198	1
5355	5355	1
5359	5332	1
5360	5360	1
5369	5370	1
5370	5370	2
5370	5372	2
5372	5360	1
5372	5372	2
5372	5394	1
5379	5379	1
5385	5385	2
5385	5386	1
5386	5386	1
5386	5391	1
5387	5379	1
5391	5404	1
5394	5394	1
5397	5398	1
5398	5398	1
5400	5402	1
5400	5659	1
5402	5402	1
5403	5403	1
5404	5404	1
5405	5405	1
5408	5405	1
5408	5408	1
5410	5410	1
5427	5427	1
5427	5493	1
5429	5429	1
5429	5431	1
5429	5432	1
5430	5430	2
5431	5429	1
5431	5430	1
5431	5431	1
5432	5354	1
5432	5430	1
5432	5432	2
5433	5432	1
5434	5443	1
5437	5438	1
5438	5438	1
5441	5441	1
5441	5443	1
5443	5427	1
5443	5443	2
5446	5447	1
5447	5447	1
5447	5450	1
5448	5452	1
5450	5450	1
5451	5441	1
5451	5451	1
5452	5452	1
5454	5454	1
5454	5460	1
5460	5460	1
5460	5461	1
5461	5461	1
5462	5465	1
5465	5465	1
5466	5385	1
5466	5466	1
5466	5467	1
5467	5467	1
5467	5468	1
5468	5466	1
5468	5468	1
5468	5470	1
5469	5469	1
5470	5469	1
5470	5470	1
5473	5473	2
5473	5474	1
5474	5322	1
5474	5474	1
5475	5476	1
5476	5473	1
5476	5476	1
5477	5475	1
5477	5477	1
5478	5478	2
5478	5479	1
5479	5477	1
5479	5479	1
5480	5478	1
5481	3363	1
5493	5493	1
5494	6198	1
5495	5495	1
5495	5497	1
5496	5495	1
5496	5496	1
5497	5498	1
5498	5498	1
5498	5499	1
5499	5502	1
5500	5500	1
5500	5548	1
5501	5403	1
5501	5500	1
5501	5501	1
5501	6499	1
5501	7066	1
5501	7077	1
5501	7362	1
5501	7370	1
5502	5501	1
5502	5502	1
5503	5598	1
5506	5503	1
5514	2191	1
5517	5451	1
5517	5517	1
5518	5517	1
5518	5518	1
5525	5525	1
5525	5531	1
5530	5525	1
5531	5531	1
5550	5551	1
5551	5551	1
5551	5552	1
5552	5552	1
5552	5609	1
5559	4508	1
5566	5566	1
5594	5550	1
5598	5496	1
5598	5598	1
5606	5514	1
5609	5609	1
5627	5627	1
5630	5630	1
5630	5631	1
5631	5627	1
5631	5631	1
5636	5630	1
5640	5640	1
5640	5641	1
5641	5641	1
5641	5648	1
5645	5640	1
5645	5645	1
5646	5645	1
5648	5648	1
5659	5659	1
5663	5663	1
5670	5670	1
5670	5699	1
5671	5670	1
5675	5675	1
5676	5675	1
5676	5676	1
5679	5680	1
5680	5676	1
5680	5680	1
5686	5686	1
5689	5693	1
5693	5721	1
5699	5701	1
5701	5679	1
5712	5718	1
5718	5689	1
5718	5718	1
5721	5722	1
5722	5686	1
5726	5726	1
5726	5728	1
5726	5729	1
5727	5727	2
5727	5730	1
5728	5302	1
5728	5727	1
5728	5728	2
5729	5728	1
5729	5729	1
5730	5730	1
5743	5744	1
5744	5745	1
5745	5726	1
5745	5745	1
5750	5750	1
5751	5751	1
5751	5755	1
5752	5751	1
5752	5752	1
5753	5750	1
5754	5754	1
5755	5754	1
5755	5755	1
5756	5757	1
5757	5315	1
5757	5758	1
5758	5758	1
5758	5759	1
5759	5759	1
5759	5808	1
5761	5752	1
5762	5762	1
5763	5763	2
5763	5764	1
5764	5764	2
5764	5765	3
5765	5765	3
5765	5773	1
5767	5764	1
5767	5767	1
5769	5763	1
5773	5773	1
5783	5767	1
5789	5789	1
5789	5790	1
5790	5790	1
5790	5849	1
5800	5762	1
5802	5800	1
5802	5802	1
5803	5802	1
5808	5808	1
5808	5810	1
5810	5810	1
5822	5763	1
5823	5830	1
5823	5855	1
5824	5824	1
5824	5826	1
5825	5824	1
5825	5826	1
5826	5826	2
5826	5839	2
5827	5825	1
5830	5830	2
5830	5834	1
5831	4339	1
5831	4340	1
5831	5830	1
5831	5831	3
5833	5834	1
5834	5831	1
5834	5834	2
5836	5833	1
5839	5839	2
5839	5841	1
5841	5831	1
5841	5841	1
5844	4393	1
5844	5844	1
5846	5844	1
5848	5848	1
5848	5869	1
5848	5872	1
5849	5822	1
5849	5849	1
5852	5852	1
5852	5861	1
5854	5848	1
5855	5852	1
5855	5855	1
5859	5831	1
5861	5854	1
5861	5861	1
5863	5789	1
5868	5874	1
5869	5869	1
5869	5870	1
5870	5870	1
5870	5875	1
5872	5872	1
5872	5873	1
5873	5868	1
5873	5873	1
5874	5875	1
5875	5849	1
5875	5875	2
5876	5881	1
5881	5881	1
5884	5884	1
5905	5905	1
5905	5906	1
5905	5929	1
5906	5906	1
5926	5926	1
5926	5931	1
5927	5927	1
5929	5929	1
5931	5931	1
5932	5926	1
5932	5932	1
5933	5932	1
5933	5933	1
5934	5933	1
5934	5934	1
5935	5935	1
5935	5971	1
5936	5935	1
5936	5936	1
5937	5936	1
5942	5934	1
5943	5927	1
5943	5943	1
5946	5946	1
5947	5951	1
5951	5951	1
5955	4335	1
5957	5946	1
5960	5960	1
5962	6995	1
5964	5964	2
5964	5965	1
5964	6988	1
5965	5965	1
5966	5966	1
5967	5964	1
5971	5966	1
5985	5985	1
5986	5985	1
5986	5986	1
5987	5988	1
5988	5989	2
5989	5989	1
5989	5990	1
5989	6043	1
5990	5986	1
5990	5990	1
6008	6112	1
6010	6010	1
6010	6012	1
6012	6012	1
6032	6072	1
6043	6043	1
6043	6044	1
6044	6044	1
6044	6045	1
6045	6046	1
6046	6069	1
6052	6052	1
6052	6057	1
6053	6052	1
6053	6053	1
6053	6075	1
6057	6057	1
6062	6063	1
6063	6063	1
6068	6068	1
6068	6070	1
6069	6068	1
6069	6069	1
6070	6070	1
6070	6083	1
6071	6070	1
6072	5501	1
6072	6072	1
6075	6075	1
6077	6053	1
6077	6077	1
6077	6080	1
6079	6077	1
6080	6080	1
6083	6083	1
6083	6085	1
6085	6093	1
6089	6092	1
6090	6089	1
6091	6091	1
6091	6099	1
6092	6091	1
6093	6090	1
6096	6097	1
6097	6097	1
6097	6102	1
6102	6079	1
6102	6102	1
6106	6107	1
6111	6008	1
6112	6113	1
6113	6106	1
6126	6127	1
6127	6127	1
6127	6191	1
6128	6128	1
6128	6184	1
6130	6183	1
6133	6161	1
6137	6137	1
6137	6140	1
6140	6140	1
6140	6142	1
6142	6142	1
6142	6154	1
6146	6146	1
6147	6146	1
6147	6148	1
6148	6148	2
6148	6218	1
6154	6154	1
6155	6137	1
6156	6156	1
6156	6158	1
6158	6158	1
6158	6202	1
6159	6156	1
6159	6159	1
6161	6161	1
6167	6167	1
6168	6167	1
6182	6182	1
6183	6159	1
6183	6182	1
6183	6183	1
6184	6184	1
6184	6191	1
6185	6185	1
6185	6187	1
6186	6186	1
6187	6186	1
6187	6187	1
6191	6128	1
6191	6185	1
6191	6191	2
6198	6198	2
6198	6201	1
6199	6199	4
6199	6207	1
6199	6227	1
6200	6199	1
6200	6200	1
6201	6199	1
6201	6201	1
6202	6202	1
6202	6203	1
6203	6200	1
6203	6203	1
6204	6243	1
6205	6199	1
6207	6207	1
6208	6232	1
6210	6210	1
6211	6199	1
6213	6213	1
6213	6214	1
6214	6214	1
6215	6215	1
6216	6013	1
6216	6216	1
6217	6215	1
6217	6217	1
6218	6218	1
6218	6219	1
6219	6219	1
6219	6243	1
6222	6213	1
6222	6222	1
6222	6225	1
6223	6222	1
6224	6010	1
6224	6224	1
6225	6224	1
6225	6225	1
6226	6148	1
6227	6227	1
6229	6229	1
6230	6229	1
6232	6234	1
6234	6234	1
6234	6235	1
6235	6235	1
6238	6238	1
6238	6259	1
6239	6238	1
6241	6241	1
6243	6216	1
6243	6241	1
6243	6243	2
6252	6254	1
6253	6253	1
6253	6254	1
6254	6254	2
6254	6295	1
6256	6253	1
6259	6273	1
6273	6210	1
6273	6273	1
6294	6338	1
6295	6294	1
6295	6295	1
6317	6317	1
6332	6332	1
6333	6334	1
6334	6332	1
6334	6334	1
6334	6341	1
6338	6339	1
6339	6339	1
6341	6317	1
6341	6341	1
6377	6377	1
6377	6379	1
6379	6379	1
6399	6377	1
6419	6419	1
6420	6420	1
6420	6424	1
6422	6420	1
6424	6424	1
6429	6422	1
6429	6429	1
6432	6429	1
6432	6432	1
6433	6432	1
6434	6433	1
6434	6434	2
6435	6435	1
6435	6436	1
6436	6436	1
6436	6439	1
6437	6442	1
6439	6439	1
6439	6445	1
6442	6434	2
6445	6437	1
6446	3802	1
6447	6435	1
6447	6447	1
6448	6448	2
6448	6449	1
6448	6450	1
6449	6448	1
6449	6449	2
6449	6470	1
6450	6447	1
6450	6450	2
6453	6454	1
6454	6419	1
6458	3526	1
6458	6458	1
6469	6449	1
6470	6450	1
6470	6469	1
6470	6470	1
6483	6491	1
6491	6491	2
6495	6500	1
6499	6499	1
6500	6501	1
6501	6502	1
6502	6491	1
6502	6502	1
6507	5278	1
6507	6507	1
6516	6515	1
6516	6516	1
6523	6523	1
6529	6523	1
6529	6529	1
6531	6529	1
6547	4137	1
6595	2915	1
6600	6601	1
6601	6601	1
6602	6602	1
6606	6606	1
6607	6606	1
6625	6602	1
6625	6625	1
6626	3112	1
6626	6625	1
6702	6704	1
6703	6703	1
6704	6704	1
6704	6728	1
6707	6703	1
6710	6710	1
6714	6714	1
6714	6719	1
6716	6710	1
6719	6714	1
6719	6719	1
6721	1156	1
6722	6726	1
6725	6725	1
6725	6727	1
6726	6725	1
6726	6726	1
6727	6727	1
6727	6731	1
6728	6728	1
6729	6729	1
6729	6734	1
6730	6729	1
6730	6732	1
6731	6731	1
6732	6732	1
6734	6701	1
6734	6734	1
6735	6735	1
6735	6751	1
6738	6739	1
6738	7255	1
6739	6739	2
6740	6739	1
6741	6742	1
6742	6742	1
6745	6745	1
6745	6746	1
6745	6758	1
6746	6746	1
6746	6747	1
6747	6814	1
6751	6751	1
6756	6757	1
6757	6738	1
6757	6757	3
6758	6758	1
6759	6757	1
6760	6757	1
6760	6760	1
6761	6760	1
6762	6815	1
6763	6763	1
6763	6770	1
6764	6764	1
6764	6770	1
6767	6764	1
6767	7264	1
6770	6770	2
6770	6775	1
6772	6772	1
6773	6774	1
6774	6774	1
6775	6775	1
6777	6777	1
6777	6778	1
6777	6799	1
6778	6778	1
6778	6779	2
6779	6772	1
6779	6779	2
6779	6781	1
6781	6781	1
6782	6782	2
6783	6782	2
6783	6783	1
6784	6783	1
6787	6787	1
6792	6794	2
6793	6795	1
6794	6794	2
6794	6796	1
6795	6792	2
6795	6795	1
6796	6796	1
6796	6798	1
6797	6833	1
6798	6798	1
6799	6799	1
6799	6833	1
6804	6804	1
6805	6805	1
6805	6810	1
6806	6805	1
6807	6807	1
6808	6807	1
6810	6810	1
6812	6812	1
6813	6745	1
6813	6763	1
6814	6814	1
6815	6812	1
6815	6815	1
6819	6819	1
6820	6820	1
6820	7261	1
6822	6819	1
6824	6824	1
6826	6827	1
6827	6827	1
6829	6824	1
6829	7264	1
6833	6833	1
6833	6834	1
6833	6836	1
6834	6834	1
6836	6804	1
6836	6836	1
6838	6858	1
6858	6858	1
6859	6777	1
6863	6793	1
6872	6872	1
6872	6877	1
6873	6872	1
6877	6877	2
6877	6878	1
6878	6877	1
6878	6878	1
6880	6915	1
6882	6872	1
6882	6882	1
6893	6893	1
6893	6897	1
6897	6897	1
6897	6898	1
6898	6898	1
6899	6893	1
6903	6903	1
6903	6912	1
6905	6903	1
6905	6905	1
6906	6906	1
6906	6907	1
6907	6905	1
6907	6907	1
6908	6908	2
6908	6909	2
6909	6909	2
6909	6911	1
6910	6908	2
6910	6910	1
6911	6906	1
6912	6899	1
6915	6882	1
6915	6915	1
6922	6922	1
6923	6922	1
6923	6923	1
6924	6938	1
6926	6923	1
6928	6928	1
6928	6930	1
6929	6928	1
6929	6931	1
6930	6930	1
6930	6935	1
6931	6931	2
6932	6932	1
6933	6933	1
6933	6934	1
6934	6932	1
6934	6934	1
6935	6933	1
6935	6935	1
6935	6936	1
6936	6936	1
6936	6939	1
6937	6938	1
6938	6938	2
6939	6939	1
6946	6955	1
6946	7279	1
6953	6954	1
6954	6954	1
6955	5905	1
6955	6982	1
6955	7022	1
6955	7037	1
6955	7302	1
6956	6957	1
6957	6957	1
6960	6960	1
6962	6960	1
6962	6962	2
6963	6962	2
6965	7289	1
6970	6970	1
6972	6970	1
6980	5964	1
6982	5960	1
6982	6982	1
6982	6983	1
6983	6983	1
6985	6986	1
6986	6986	1
6988	6982	1
6988	6988	1
6995	6995	1
6995	6996	1
6996	6996	1
6996	6997	1
6997	6997	1
6999	7000	1
7000	7000	1
7004	7008	1
7005	4371	1
7005	7005	1
7008	7008	2
7013	7005	1
7022	7022	1
7028	4107	1
7028	7028	1
7031	7031	1
7031	7039	1
7033	7033	1
7034	7034	1
7036	7037	1
7037	7037	2
7037	7038	1
7038	7038	1
7039	7039	1
7041	7041	1
7042	7049	1
7043	7041	1
7046	7046	1
7047	7047	1
7048	7047	1
7049	7049	1
7057	7057	1
7058	7057	1
7066	7066	1
7077	7077	2
7077	7078	1
7078	7078	1
7078	7101	1
7079	7077	1
7089	7089	1
7092	7089	1
7092	7092	2
7092	7126	1
7092	7133	1
7093	7134	1
7098	7098	1
7101	7101	1
7101	7122	1
7107	7108	1
7108	7108	1
7111	7111	1
7113	7114	1
7114	7114	1
7115	7116	1
7116	7116	1
7122	7122	1
7122	7150	1
7123	7129	1
7124	7123	1
7125	7125	2
7125	7127	3
7126	7092	1
7126	7125	1
7126	7126	1
7127	7092	1
7127	7126	1
7127	7127	3
7128	7125	1
7129	7132	1
7132	7125	1
7133	7134	1
7134	7134	2
7134	7399	1
7143	7143	1
7144	7143	1
7150	7150	1
7151	7152	1
7152	7152	1
7157	7157	1
7193	7198	1
7198	7198	1
7201	7201	1
7202	7201	1
7202	7202	1
7204	7206	1
7206	7206	1
7207	7208	1
7208	7204	1
7208	7208	1
7224	7224	1
7224	7229	1
7226	7227	1
7227	7224	1
7229	7229	1
7229	7232	1
7231	3854	1
7232	7232	1
7232	7233	1
7233	7233	1
7236	7236	1
7237	7236	1
7237	7237	1
7238	7237	1
7239	7239	1
7241	7241	1
7242	7245	1
7243	7244	1
7244	7244	1
7245	7245	1
7247	7241	1
7247	7248	1
7248	7248	1
7250	7250	1
7250	7252	1
7252	6735	1
7252	7252	4
7253	1180	1
7253	6820	1
7253	7250	1
7253	7252	1
7253	7253	2
7254	7253	1
7254	7255	1
7255	7253	1
7255	7255	2
7261	7261	1
7263	7263	1
7264	7263	1
7264	7264	2
7267	7267	2
7269	7267	2
7269	7269	2
7270	7269	1
7271	7269	1
7279	7279	1
7280	7280	1
7281	7281	1
7282	7280	1
7285	7296	1
7286	6965	1
7286	7281	1
7288	7288	1
7289	7288	1
7289	7289	1
7291	7033	1
7296	7296	1
7297	7298	1
7298	7298	2
7300	7034	1
7302	7302	1
7308	7343	1
7321	7329	1
7322	7322	1
7326	7326	1
7329	7329	2
7329	99999917	1
7330	7329	1
7330	7330	1
7331	7330	1
7334	7334	1
7335	7334	1
7335	7335	1
7337	7335	1
7339	7339	1
7342	7346	1
7343	7322	1
7343	7343	1
7346	7346	2
7354	7031	1
7360	7363	1
7362	7326	1
7362	7362	1
7363	7363	1
7363	7364	1
7364	7364	1
7366	7369	1
7369	7369	1
7370	7370	1
7374	7374	1
7375	7374	1
7375	7386	1
7376	7376	1
7376	7384	1
7377	5501	1
7377	7377	1
7377	7383	1
7379	7379	1
7379	7380	1
7380	7380	1
7380	7391	1
7382	7376	1
7382	7390	1
7383	7383	2
7384	7383	1
7384	7384	1
7384	7385	1
7385	7366	1
7385	7385	1
7386	7386	2
7388	7388	1
7390	7390	3
7390	7395	1
7391	7391	1
7391	7399	1
7392	7392	1
7394	7388	1
7394	7390	1
7395	7395	2
7398	7392	1
7398	7398	1
7399	7098	1
7399	7346	1
7399	7377	1
7399	7379	1
7399	7386	1
7399	7390	1
7399	7395	1
7399	7398	1
7399	7399	1
99999923	7239	1
99999923	7252	2
