ORIG	DEST	N_TOT
80	80	1
80	170	1
88	80	1
109	110	1
130	132	1
132	132	1
132	134	1
134	134	1
151	1008	1
169	580	1
170	169	1
189	190	1
190	190	1
268	268	1
269	268	1
269	269	1
270	269	1
327	328	1
328	328	1
328	394	1
331	334	1
334	340	1
340	342	1
341	341	1
341	467	1
342	341	1
342	342	1
355	355	1
367	367	1
376	378	1
378	378	1
378	383	1
383	383	1
383	384	1
384	384	1
394	394	1
402	402	1
402	404	1
403	402	1
404	404	1
404	405	1
405	405	1
405	408	1
407	2827	1
408	408	1
408	410	1
409	409	1
409	410	1
410	410	2
410	411	1
411	411	1
411	412	1
412	412	1
440	440	1
440	441	1
441	409	1
467	467	1
505	505	1
559	559	1
559	5514	1
565	559	1
579	579	1
580	579	1
580	580	1
720	440	1
789	835	1
790	791	1
791	789	1
798	798	1
798	805	1
799	798	1
799	799	1
801	799	1
801	801	1
805	805	1
805	820	1
811	817	1
816	816	1
817	801	1
817	817	1
819	816	1
819	819	1
820	819	1
827	829	1
831	827	1
835	836	1
836	837	1
837	838	1
838	851	1
844	844	1
844	846	1
846	846	1
851	852	1
852	831	1
860	844	1
949	949	1
949	956	1
956	956	1
956	962	1
958	949	1
958	958	1
959	958	1
962	962	1
963	963	1
963	992	1
979	1430	1
989	989	1
989	990	1
990	963	1
990	990	1
991	989	1
992	992	1
1044	505	1
1055	1055	1
1055	1056	1
1056	1056	1
1056	1058	1
1058	1058	1
1064	1055	1
1071	1074	1
1074	1074	1
1074	1075	1
1075	1075	1
1075	1076	1
1076	1076	1
1232	6852	1
1250	1250	1
1256	1250	1
1257	1257	1
1257	1260	1
1258	1257	1
1259	1258	1
1260	1256	1
1260	1260	1
1304	1259	1
1304	1304	1
1313	1314	1
1314	1304	1
1397	1398	1
1398	1398	1
1400	1397	1
1401	1401	1
1401	1459	1
1402	1401	1
1405	1402	1
1406	1405	1
1406	1406	1
1408	1406	1
1430	1430	1
1447	1408	1
1458	1400	1
1459	1458	1
1642	1642	1
1778	1778	1
1779	1778	1
1779	1779	1
1795	1779	1
2004	2004	1
2106	2110	1
2110	2110	1
2110	2111	1
2111	2112	1
2112	2112	1
2126	2126	1
2127	2126	1
2129	2129	1
2129	2136	1
2131	2131	1
2131	2132	1
2132	2127	1
2132	2132	1
2134	2131	1
2134	2134	1
2136	2134	1
2136	2136	1
2137	2129	1
2177	2177	1
2177	2357	1
2178	2177	1
2179	2004	1
2179	2179	2
2179	2502	1
2195	2178	1
2252	2252	1
2356	2179	1
2356	2356	1
2357	2356	1
2357	2357	1
2363	2252	1
2372	2179	1
2372	2372	1
2379	2382	1
2381	2384	1
2382	2372	1
2384	2384	1
2406	2406	1
2406	2407	1
2407	2407	1
2407	2428	1
2424	2424	1
2424	2430	1
2425	2424	1
2428	2428	1
2430	2406	1
2430	2430	1
2502	2381	1
2502	2502	1
2549	5514	1
2595	2596	1
2596	2599	1
2599	2599	1
2599	2601	1
2601	2625	1
2610	2620	1
2616	407	1
2616	2619	1
2618	2621	1
2619	2619	1
2620	2618	1
2621	2549	1
2625	2616	1
2668	355	1
2668	367	1
2668	2616	1
2668	3083	1
2668	3290	1
2668	3390	1
2895	2895	1
2896	2899	1
2899	2895	1
2900	2896	1
2911	2900	1
2911	2911	1
3038	2911	1
3039	3038	1
3083	3083	1
3101	3039	1
3209	3274	1
3239	3239	1
3239	3241	1
3241	3241	1
3241	3250	1
3243	3244	1
3244	3239	1
3245	3243	1
3245	3245	1
3247	3245	1
3250	3259	1
3259	3258	1
3274	3101	1
3290	3290	1
3290	3295	1
3295	3295	1
3357	3357	1
3362	2425	1
3363	3363	1
3390	3390	1
3390	3393	1
3393	3393	1
3438	3438	1
3439	3438	1
3439	3439	1
3443	3443	1
3444	3445	1
3445	3443	1
3445	3445	1
3501	3439	1
3502	3363	1
3614	3614	1
3614	3617	1
3615	3614	1
3615	3615	1
3616	3615	1
3616	3616	1
3617	3617	1
3648	3648	1
3664	3648	1
3823	3823	1
3823	3825	1
3824	3823	1
3824	3824	1
3825	3825	1
3825	3828	1
3828	3828	1
3830	3824	1
3841	5318	1
3850	3850	1
3926	3925	1
3926	3926	1
3940	3940	1
3954	3940	1
3954	3954	1
3967	3968	1
3968	3968	1
3968	3999	1
3975	3977	1
3977	3977	1
3996	3998	1
3997	3996	1
3997	3997	1
3998	3926	1
3998	3998	1
3999	4000	1
4000	3997	1
4178	6227	1
4178	7028	1
4178	7358	1
4347	5832	1
4362	4362	1
4393	4393	1
4414	4414	1
4414	4418	1
4415	4415	1
4417	4393	1
4418	4415	1
4461	4461	1
4461	4560	1
4468	4468	1
4469	4469	1
4469	4475	1
4470	4484	1
4475	4506	1
4476	2106	1
4484	4469	1
4484	4484	1
4504	4461	1
4504	4504	1
4506	4476	1
4516	4543	1
4527	4527	1
4527	4579	1
4543	4543	2
4543	4544	1
4544	4543	1
4544	4544	1
4544	4547	1
4547	4527	1
4547	4547	1
4560	4560	1
4572	4572	1
4579	4572	1
4579	4579	1
4586	4586	1
4586	4587	1
4587	4587	1
4601	4586	1
4601	4601	1
4604	4705	1
4604	4981	1
4629	4601	1
4629	6959	1
4634	1642	1
4634	5325	1
4634	5672	1
4634	6931	1
4655	4681	1
4663	4722	1
4680	4684	1
4681	4680	1
4681	4681	1
4684	4663	1
4705	4705	1
4705	5295	1
4713	4655	1
4722	4725	1
4725	4664	1
4769	4773	1
4770	4770	1
4770	4771	1
4771	4771	1
4771	4793	1
4773	4770	1
4773	4773	1
4780	4780	1
4780	4804	1
4781	4780	1
4781	4781	1
4792	4781	1
4793	4792	1
4804	4805	1
4805	4805	1
4961	4961	1
4961	4980	1
4972	4974	1
4974	4961	1
4978	5021	1
4980	5085	1
4995	4972	1
4998	4995	1
5011	5011	1
5011	5013	1
5013	5013	1
5013	5015	1
5015	5015	1
5016	5014	1
5016	5016	1
5018	5018	1
5018	5022	1
5021	5016	1
5021	5021	1
5022	5011	1
5029	5018	1
5029	5029	1
5052	5029	1
5060	5061	1
5061	5061	1
5061	5064	1
5064	5064	1
5064	5065	1
5065	5065	1
5065	5066	1
5066	5066	1
5066	5070	1
5070	3357	1
5070	5070	1
5085	4978	1
5111	5111	1
5111	5172	1
5114	5114	1
5115	5114	1
5115	5115	1
5116	5115	1
5117	5202	1
5125	5117	1
5125	5125	1
5167	5168	1
5168	5168	1
5171	5167	1
5171	5171	1
5172	5171	1
5172	5172	1
5185	5125	1
5202	5111	1
5202	5202	1
5295	5295	1
5301	5301	1
5318	5318	1
5318	5387	1
5325	5325	1
5360	5360	1
5360	5366	1
5361	5360	1
5361	5361	1
5366	5366	1
5379	5379	1
5381	5379	1
5381	5381	1
5387	5381	1
5387	5387	1
5400	5735	1
5403	5406	1
5406	5406	1
5406	5409	1
5409	5361	1
5409	5409	1
5501	3616	1
5501	3850	1
5501	3954	1
5501	4504	1
5501	7215	1
5522	5522	1
5527	5522	1
5539	5697	1
5542	5539	1
5552	5609	1
5591	5542	1
5609	5591	1
5609	5609	1
5623	5649	1
5649	5649	1
5649	5653	1
5653	5653	1
5653	5662	1
5654	5623	1
5654	5654	1
5656	5654	1
5658	5658	1
5662	5658	1
5662	5662	1
5668	5668	1
5668	5670	1
5670	5670	1
5671	5668	1
5671	5671	1
5672	5671	1
5672	5672	1
5683	5683	1
5683	5785	1
5697	4468	1
5710	5710	1
5718	5718	1
5718	5719	1
5719	5710	1
5719	5719	1
5721	5722	1
5722	5718	1
5722	5722	1
5726	5726	1
5726	5729	1
5727	5727	1
5727	5730	1
5728	5727	1
5728	5728	1
5729	5728	1
5729	5729	1
5730	5301	1
5730	5730	1
5733	5684	1
5734	5733	1
5734	5734	1
5735	5683	1
5749	5726	1
5749	5749	1
5750	5749	1
5750	5750	1
5754	5750	1
5760	5760	1
5760	5769	1
5769	5769	1
5769	5770	1
5770	5770	1
5770	5808	1
5784	5760	1
5785	5734	1
5808	5808	1
5824	5825	1
5825	5827	1
5827	4414	1
5827	5827	1
5832	4178	1
5832	5832	1
5839	5824	1
5967	5973	1
5972	5972	1
5973	5973	1
5973	5975	1
5975	5972	1
5975	5975	1
6010	6010	1
6010	6020	1
6012	6010	1
6012	6012	1
6014	6012	1
6020	6020	1
6068	6070	1
6070	6070	1
6070	6071	1
6071	6071	1
6071	6083	1
6083	6083	1
6094	4178	1
6160	6160	1
6172	6160	1
6186	6186	1
6186	6192	1
6188	6188	1
6189	6186	1
6190	6188	1
6192	6192	1
6209	6209	1
6209	6268	1
6210	6273	1
6227	6227	1
6236	6236	1
6237	6236	1
6268	6237	1
6273	6209	1
6273	6273	1
6531	6531	1
6531	6539	1
6538	6531	1
6539	6539	1
6726	6726	1
6744	6761	1
6747	6748	1
6748	6748	1
6748	6750	1
6749	6749	1
6750	6750	1
6755	6749	1
6759	6759	1
6761	6761	1
6761	6767	1
6762	6762	1
6763	6759	1
6765	6765	1
6766	6766	1
6767	6767	1
6767	6818	1
6768	6767	1
6779	6779	1
6779	6790	1
6780	6779	1
6790	6790	1
6790	6791	1
6791	6791	1
6791	6793	1
6809	6815	1
6815	6815	1
6816	7256	1
6818	6818	1
6818	6819	1
6819	6765	1
6819	6816	1
6819	6819	1
6852	109	1
6852	3362	1
6920	6920	1
6925	4634	1
6931	6931	1
6942	6942	1
6948	6942	1
6955	4362	1
6955	6920	1
6959	6959	1
6961	6962	1
6962	6962	1
7028	7028	1
7029	4604	1
7035	7035	1
7036	7035	1
7037	7037	1
7038	7037	1
7047	7047	1
7048	7047	1
7048	7048	1
7088	7088	1
7089	7090	1
7090	7088	1
7090	7090	1
7183	7184	1
7184	7184	1
7184	7193	1
7191	7191	1
7193	7193	1
7193	7198	1
7194	7191	1
7195	7194	1
7198	7195	1
7230	7230	1
7230	7231	1
7231	7223	1
7231	7231	1
7233	7230	1
7235	7235	1
7239	7239	1
7241	6726	1
7243	7243	1
7247	7255	1
7248	7248	1
7253	6762	1
7253	6766	1
7253	7235	1
7253	7239	1
7254	7248	1
7255	7255	1
7256	7256	1
7290	6955	1
7312	7312	1
7318	7319	1
7319	7319	1
7319	7320	1
7320	7312	1
7320	7320	1
7321	7324	1
7324	7319	1
7324	7324	1
7330	7399	1
7333	7333	1
7335	7333	1
7350	7350	1
7351	7351	1
7351	7352	1
7352	7350	1
7358	7358	1
7359	7361	1
7361	7361	1
7367	7351	1
7368	7369	1
7369	7369	1
7375	7376	1
7376	7376	1
7376	7381	1
7378	7378	1
7380	7378	1
7381	7381	1
7395	7400	1
7399	7048	1
7400	7399	1
7400	7400	1
99999921	7243	1
99999923	6755	1
99999923	7262	1
