ORIG	DEST	N_TOT
5	5	1
7	14	1
11	5	1
11	11	1
12	11	1
12	12	1
13	7	1
14	14	2
14	17	1
16	14	1
16	16	1
16	19	1
17	92	1
19	20	1
20	91	1
27	27	1
27	28	1
28	28	1
29	27	1
31	31	1
31	32	1
31	33	1
32	32	1
32	33	1
32	76	1
33	33	1
33	35	2
35	29	1
35	35	2
42	42	1
44	44	1
44	45	1
45	42	1
46	55	1
47	44	1
47	47	1
48	47	1
48	48	1
54	64	1
55	48	1
55	55	1
64	64	1
64	65	1
65	65	1
76	31	1
76	76	1
89	89	1
91	89	1
91	91	1
92	16	2
92	92	1
94	12	1
99	99	1
99	100	1
100	100	1
100	101	1
101	101	1
103	4604	1
110	1238	1
113	113	1
113	1467	1
117	113	1
117	117	1
124	124	1
124	141	1
126	117	1
127	126	1
129	129	1
129	131	1
130	133	1
131	99	1
131	131	2
133	129	1
133	133	1
134	136	1
135	124	1
135	135	1
136	135	1
136	136	1
137	137	1
139	139	1
141	141	1
144	131	1
149	139	1
149	149	1
151	151	2
151	153	2
152	151	1
153	153	2
153	154	2
154	149	1
154	154	2
154	155	1
155	155	1
155	156	1
156	156	1
156	157	1
157	157	1
166	979	1
167	167	2
167	179	1
171	171	1
171	173	1
171	580	1
172	592	1
173	173	1
173	176	1
174	625	1
176	167	1
176	176	1
179	172	1
192	192	1
194	194	1
198	198	1
198	207	1
198	558	1
199	199	1
207	207	1
207	208	1
208	208	1
231	231	1
231	232	1
232	232	1
232	233	1
232	2504	1
233	232	1
233	238	1
235	237	1
236	235	1
237	237	1
237	2519	1
238	239	1
239	269	1
241	236	1
243	243	1
243	244	1
244	244	1
244	257	1
245	198	1
257	257	1
260	260	1
260	261	1
261	243	1
261	261	1
262	241	1
263	262	1
264	267	1
265	264	1
266	265	1
267	260	1
267	263	1
267	267	1
269	270	1
270	270	1
270	271	1
271	271	1
271	274	1
272	272	1
274	274	1
286	286	1
297	979	1
306	297	1
306	306	1
324	469	1
325	324	1
341	325	1
341	341	1
343	343	1
343	345	1
343	2622	1
344	343	1
344	344	1
345	504	1
346	343	1
351	2610	1
360	360	1
360	361	1
361	361	1
374	377	1
377	377	1
377	2844	1
379	383	1
383	383	1
389	389	1
389	396	1
392	346	1
396	396	1
397	344	1
397	397	2
397	399	1
398	397	1
399	402	1
402	397	1
402	2802	1
410	410	1
410	411	1
411	411	1
415	2874	1
420	420	1
420	447	1
437	437	1
437	441	1
440	440	2
440	441	1
441	437	1
441	440	1
441	441	2
446	440	1
446	446	1
447	446	1
447	447	1
451	420	1
463	464	1
464	465	1
465	466	1
466	466	1
466	467	1
467	341	1
467	467	1
468	468	1
468	474	1
469	468	1
469	469	1
471	471	1
474	497	1
474	506	1
480	480	1
485	485	1
488	488	1
488	700	1
489	488	1
497	485	1
497	497	1
498	497	1
502	471	1
502	502	1
504	502	1
504	504	1
506	506	1
511	511	1
511	634	1
512	512	2
512	513	2
513	511	1
513	513	2
516	516	1
517	517	1
517	530	1
520	306	1
522	2625	1
523	527	1
527	527	1
527	529	1
528	528	1
529	528	1
529	529	1
530	530	1
530	531	1
531	516	1
531	531	1
541	512	1
558	199	1
559	1008	1
568	604	1
571	572	1
572	572	1
572	604	1
572	605	1
573	573	1
576	573	1
576	576	1
577	171	1
579	582	1
580	580	1
581	167	1
581	581	1
582	581	1
586	590	1
588	586	1
589	589	1
590	589	1
590	590	1
592	592	1
602	577	1
603	576	1
603	602	1
603	603	1
604	603	2
604	604	1
605	605	1
610	610	1
611	610	1
614	588	1
614	614	1
617	614	1
618	618	1
618	620	1
618	903	1
619	617	1
620	619	1
625	625	1
625	3362	1
626	626	1
631	631	1
631	656	1
632	631	1
632	632	1
634	632	1
634	634	1
655	655	1
655	656	1
656	626	1
656	655	1
656	656	2
659	659	1
682	682	1
682	686	1
686	686	1
686	4604	1
700	700	1
712	712	1
712	713	1
713	713	1
718	728	1
728	728	1
728	2662	1
737	737	1
738	712	1
738	738	1
739	738	1
762	811	1
776	737	1
795	800	1
798	801	1
799	799	2
799	805	2
800	800	1
800	822	1
801	819	1
802	799	1
805	762	1
805	798	1
805	805	1
806	799	1
806	806	1
807	806	1
809	809	1
809	815	1
811	809	1
811	811	1
813	811	1
813	813	1
815	813	1
815	815	1
816	815	1
817	802	1
819	816	1
819	819	1
820	819	1
820	820	1
821	820	1
821	821	1
822	821	1
822	822	1
843	857	1
851	979	1
857	857	2
857	859	1
857	3362	1
859	860	1
860	682	1
860	860	1
864	864	1
864	868	1
865	864	1
865	865	1
866	865	1
866	866	1
867	867	1
867	868	1
868	857	1
868	868	2
868	883	1
869	866	1
869	867	1
883	883	1
883	4604	1
884	884	1
885	884	1
890	890	1
903	659	1
903	903	1
904	618	1
907	890	1
908	904	1
921	885	1
921	921	1
922	921	1
927	927	1
934	934	1
936	934	1
936	936	1
937	936	1
937	937	1
940	937	1
940	940	1
941	943	1
942	942	1
943	942	1
943	943	1
964	964	2
965	966	2
966	964	2
966	966	2
968	968	1
979	151	1
979	154	1
979	194	1
979	272	1
979	286	1
979	1365	1
979	2311	1
979	2541	1
979	6829	1
982	3362	1
993	968	1
993	993	1
996	965	1
996	1001	1
997	996	1
997	997	1
997	999	1
998	997	1
999	966	1
1000	965	1
1000	1000	1
1001	1000	1
1002	4604	1
1008	171	1
1008	192	1
1008	512	1
1008	927	1
1008	940	1
1008	1413	1
1008	1449	1
1009	1008	1
1019	996	1
1019	1019	1
1036	1002	1
1044	2290	1
1047	1059	1
1051	1052	1
1052	1052	1
1052	1053	1
1053	1053	1
1057	1058	1
1058	1058	1
1058	1059	1
1059	1059	2
1059	1062	1
1059	2311	1
1061	2303	1
1062	1061	1
1062	1062	1
1065	2004	1
1068	1069	1
1069	1065	1
1079	1068	1
1079	1079	1
1080	1079	1
1081	1081	1
1081	2004	1
1154	6838	1
1156	1154	1
1159	1159	1
1159	1160	1
1160	1163	1
1161	1159	1
1161	1161	1
1162	1161	1
1163	1164	1
1164	1170	1
1169	1169	1
1169	1185	1
1170	1169	1
1185	1196	1
1186	1187	1
1187	1187	1
1187	1188	1
1188	1189	1
1189	1189	1
1189	1207	1
1196	1196	1
1196	1286	1
1202	1202	1
1202	1213	1
1204	1202	1
1207	1206	1
1207	1207	1
1212	1215	1
1213	1212	1
1215	1216	1
1216	1214	1
1217	1204	1
1234	1234	1
1235	1235	1
1235	1236	1
1236	1234	1
1236	1236	1
1237	1235	1
1238	1237	1
1242	103	1
1286	1286	1
1363	1951	1
1365	1494	1
1371	1371	2
1371	1372	1
1372	1371	1
1372	1372	1
1372	1388	1
1375	1375	1
1375	1378	1
1376	1375	1
1376	1376	1
1377	1376	1
1378	941	1
1379	1380	1
1380	982	1
1380	1380	1
1386	1372	1
1388	1483	1
1392	1394	1
1393	1392	1
1394	1395	1
1395	1385	1
1401	1401	1
1401	1405	1
1403	1401	1
1405	1405	2
1405	1406	1
1406	1406	1
1406	1448	1
1407	1407	1
1407	1408	1
1408	1405	1
1413	1413	1
1413	1421	1
1418	993	1
1418	1418	1
1421	1407	1
1421	1421	1
1426	1427	1
1427	1427	1
1431	1432	1
1432	1432	1
1436	137	1
1436	1436	1
1436	1450	1
1437	1451	1
1448	1448	1
1449	1436	1
1449	1449	1
1450	1450	1
1450	1453	1
1451	1451	1
1453	1453	1
1463	1463	1
1464	1465	1
1465	1465	1
1465	1468	1
1467	1463	1
1468	1468	1
1475	1475	1
1477	1477	1
1477	1479	1
1478	1477	1
1478	1478	1
1479	1475	1
1483	1393	1
1484	1485	1
1485	1371	1
1490	1490	1
1493	1478	1
1494	1493	1
1494	1494	2
1494	1495	1
1495	1494	1
1495	1495	1
1498	1514	1
1514	1490	1
1514	1514	1
1555	1555	1
1555	1574	1
1556	1555	1
1556	1556	1
1558	1559	1
1559	1559	1
1559	1585	1
1562	1556	1
1574	1574	1
1580	1597	1
1585	1585	1
1585	1651	1
1595	1595	1
1595	4629	1
1596	1595	1
1596	1596	1
1597	1598	1
1598	1596	1
1598	1598	1
1604	1604	1
1604	1605	1
1605	1605	1
1605	1606	1
1606	1606	1
1606	1651	1
1618	1618	1
1618	1628	1
1628	1628	1
1633	1633	1
1633	1635	1
1635	1635	1
1643	1604	1
1649	1633	1
1651	1649	1
1651	1651	2
1651	1677	1
1654	1643	1
1660	1660	1
1662	1660	1
1662	1662	1
1677	1677	1
1677	1678	1
1678	1679	1
1688	1688	1
1688	1689	1
1689	1618	1
1689	1689	1
1691	1688	1
1691	1691	1
1692	1691	1
1692	1692	1
1695	1692	1
1706	1662	1
1706	1706	1
1709	1709	1
1709	1711	1
1710	1709	1
1711	1731	1
1726	1728	1
1727	1740	1
1728	1706	1
1728	1727	1
1728	1728	1
1730	1728	1
1731	1731	1
1731	1753	1
1736	1935	1
1738	1741	1
1739	1739	1
1739	1741	1
1740	1739	1
1740	1740	1
1740	1829	1
1741	1740	1
1741	1741	2
1741	1747	1
1742	1738	1
1743	1742	1
1743	1743	3
1743	1828	1
1744	1743	2
1744	1744	1
1746	1744	1
1746	1746	2
1747	1743	1
1747	1747	1
1748	1748	1
1748	1797	1
1753	1753	1
1753	1756	1
1754	1754	1
1754	1771	1
1755	1752	1
1755	1755	1
1756	1758	1
1757	1755	1
1757	1757	2
1758	1757	2
1758	1758	1
1759	1758	1
1759	1759	2
1759	4592	1
1760	1759	1
1760	1760	1
1761	1762	1
1762	1762	1
1762	1763	1
1763	1760	1
1763	1763	1
1764	1754	1
1764	1764	1
1766	1767	1
1767	1764	1
1767	1767	1
1771	1773	1
1773	1773	2
1773	1778	1
1774	1773	1
1778	1748	1
1778	1778	1
1781	1781	1
1781	1782	1
1782	1782	1
1793	1793	1
1797	1797	1
1803	1804	1
1804	1804	1
1804	1805	1
1805	1805	1
1805	1806	1
1806	1806	1
1806	1808	1
1808	1808	1
1808	1816	1
1816	1793	1
1816	1816	1
1823	1746	1
1823	1823	1
1825	1746	1
1826	1825	1
1827	1826	1
1827	1827	1
1828	1823	1
1828	1827	1
1828	1828	1
1829	1736	1
1873	1874	1
1874	1894	1
1875	1873	1
1876	1875	1
1876	1876	1
1877	1878	1
1878	1878	1
1878	1890	1
1881	1884	1
1882	1882	1
1882	1883	1
1883	1881	1
1883	1883	1
1883	1885	1
1884	1884	2
1884	1886	1
1885	1884	1
1885	1885	1
1886	1886	1
1886	1894	1
1887	1891	1
1888	1889	1
1890	1876	1
1891	1888	1
1892	1887	1
1894	1892	1
1894	1894	1
1899	1882	1
1903	1908	1
1907	1903	1
1908	1909	1
1910	1911	1
1911	1912	1
1912	1907	1
1919	1919	1
1920	1919	1
1920	1920	1
1921	1946	1
1925	1902	1
1928	1920	1
1929	1928	1
1930	1929	1
1930	1930	1
1931	1931	1
1931	1932	1
1932	1930	1
1932	1932	1
1935	1910	1
1936	1936	1
1936	1939	1
1938	1931	1
1938	1936	1
1938	1938	1
1939	1939	1
1939	1940	1
1940	1942	1
1941	1941	1
1941	1944	1
1941	1952	1
1942	1941	2
1942	1942	1
1943	1921	1
1943	1943	1
1944	1943	1
1944	1944	1
1944	1945	1
1945	1944	1
1945	1945	2
1946	1948	1
1948	1925	1
1948	1948	1
1950	1945	1
1951	1938	2
1951	1942	1
1951	1951	1
1952	1950	1
1956	1956	1
1956	1963	1
1957	1956	1
1957	1957	1
1962	1957	1
1963	1963	1
2004	997	1
2004	2004	2
2004	2150	1
2006	2006	1
2008	2006	1
2008	2008	1
2009	2008	1
2036	1019	1
2037	2063	1
2046	2052	1
2049	2050	1
2050	2050	1
2050	2051	1
2051	2046	1
2051	2051	1
2052	2052	1
2052	2053	1
2053	2053	1
2063	2036	1
2071	2071	1
2071	2119	1
2085	2085	1
2085	4669	1
2088	2088	1
2088	2091	1
2091	2091	1
2092	2088	1
2114	2117	1
2117	1081	1
2119	2119	1
2132	2085	1
2137	2137	1
2138	2137	1
2138	2138	1
2143	2138	1
2150	2071	1
2150	2150	1
2154	2150	1
2154	2154	1
2159	2154	1
2159	2159	1
2164	2159	1
2174	2174	1
2177	2177	1
2180	2187	1
2187	2187	1
2187	2202	1
2197	2174	1
2197	2197	1
2202	2197	1
2261	2268	1
2268	2282	1
2282	2132	1
2290	2290	2
2299	2290	1
2300	2299	1
2300	2300	1
2300	2303	1
2300	2554	1
2301	2301	1
2301	2307	1
2303	2300	1
2304	2300	1
2304	2304	1
2306	2304	1
2306	2306	1
2306	2307	1
2307	2306	1
2307	2307	2
2311	2306	1
2311	2311	2
2330	2330	1
2330	2363	1
2339	2340	1
2340	2340	1
2340	2341	1
2341	2300	1
2341	2341	1
2346	2346	1
2346	2370	1
2348	2351	1
2351	2351	1
2351	2352	1
2352	2352	1
2362	2339	1
2362	2362	1
2363	2362	1
2363	2363	1
2366	2366	1
2366	2390	1
2367	2367	1
2367	2393	1
2369	2369	1
2369	2394	1
2370	2370	1
2370	2384	1
2384	2369	1
2384	2384	1
2385	2386	1
2386	2386	1
2386	2404	1
2387	2386	1
2389	2367	1
2389	2389	1
2389	2390	1
2390	2346	1
2390	2390	2
2390	2408	1
2391	2390	1
2391	2391	1
2392	2366	1
2393	2391	1
2393	2393	1
2393	2408	1
2394	2394	1
2394	2395	1
2395	2387	1
2396	2397	1
2402	2385	1
2402	2402	1
2404	2396	1
2404	2404	1
2408	2408	1
2408	2409	1
2408	2427	1
2409	2409	1
2409	2410	1
2410	2389	1
2410	2410	2
2410	2411	1
2411	2392	1
2411	2410	1
2411	2411	1
2416	2416	1
2417	2416	1
2419	2419	1
2419	2682	1
2420	2419	1
2421	2447	1
2422	2422	1
2422	2447	1
2423	2422	1
2423	2425	1
2424	2422	1
2424	2424	1
2425	2424	1
2425	2425	1
2427	2429	1
2429	2429	1
2429	2430	1
2430	2423	1
2447	2447	1
2447	2448	2
2448	2448	1
2448	2450	1
2450	2450	1
2465	2402	1
2466	2466	2
2466	2471	1
2467	2466	2
2467	2467	1
2468	2467	1
2468	2468	1
2469	2468	1
2469	2469	1
2470	2469	1
2471	2465	1
2477	2478	1
2478	2478	1
2478	4604	1
2480	2482	1
2481	2177	1
2481	2481	1
2482	2481	1
2482	2482	1
2502	2330	1
2503	4604	1
2504	1418	1
2504	2504	1
2514	2516	1
2516	2524	1
2518	233	1
2522	3362	1
2524	2524	1
2524	2525	1
2529	2514	1
2531	2529	1
2531	2531	1
2531	2532	1
2532	2531	1
2532	2532	2
2532	2534	1
2533	2532	1
2534	2534	1
2534	2535	1
2535	2535	1
2535	2537	1
2537	2537	1
2537	2538	1
2538	2538	1
2541	2541	1
2550	2551	1
2550	2552	1
2551	2554	1
2552	2503	1
2552	2552	1
2553	2301	1
2554	2550	1
2554	2553	1
2554	2554	1
2591	2668	1
2597	2597	1
2600	2597	1
2600	2600	1
2601	2601	1
2601	2651	1
2602	2601	1
2605	2605	2
2605	2609	1
2605	2621	1
2606	2605	1
2606	2606	1
2606	2611	1
2607	2606	1
2607	2607	1
2608	2605	1
2608	2608	1
2609	2607	1
2609	2609	1
2610	2608	1
2610	2610	1
2611	2606	1
2611	2611	1
2611	2612	1
2612	2616	1
2613	2613	1
2614	2613	1
2614	2614	1
2615	2614	1
2615	2615	1
2616	2615	1
2616	2616	1
2618	2611	1
2621	2600	1
2621	2621	1
2622	2622	1
2622	2623	1
2623	2623	1
2623	2624	1
2624	2625	1
2625	2522	1
2625	2625	1
2626	2626	1
2651	2626	1
2668	389	1
2668	2731	1
2668	2861	1
2668	2918	1
2668	2930	1
2668	2967	1
2668	3061	1
2668	5080	1
2671	2671	1
2671	2675	1
2675	2678	1
2682	2682	1
2682	2683	1
2683	2687	1
2685	2671	1
2686	2685	1
2686	2686	1
2687	2686	1
2703	2703	1
2704	2915	1
2705	2704	1
2713	2713	1
2715	2715	1
2719	2720	1
2720	2720	1
2720	2722	1
2722	2713	1
2722	2722	1
2723	2715	1
2727	2723	1
2730	2730	1
2730	5087	1
2731	2731	1
2731	2775	1
2743	2754	1
2746	2744	1
2749	2746	1
2754	2769	1
2755	2756	1
2756	2749	1
2767	2755	1
2769	2767	1
2774	2730	1
2775	2775	1
2802	2703	1
2802	2802	1
2802	2825	1
2804	410	1
2804	2804	1
2805	2804	1
2805	2806	1
2806	2806	1
2806	2866	1
2821	379	1
2822	2821	1
2825	2840	1
2834	2839	1
2835	2836	1
2836	2837	1
2837	2841	1
2838	2835	1
2839	2838	1
2840	2841	1
2841	2841	1
2841	2851	2
2843	2822	1
2844	2843	1
2844	2844	1
2847	2849	1
2849	2848	1
2851	2847	1
2851	2851	1
2854	2854	1
2854	2865	1
2857	2857	1
2857	2859	1
2859	2854	1
2859	2859	1
2861	360	1
2861	2861	1
2863	2857	1
2865	2865	1
2866	2866	1
2866	2867	1
2867	2867	1
2872	2873	1
2873	415	1
2873	2873	1
2874	2874	1
2874	3286	1
2875	2875	1
2877	2888	1
2879	2880	1
2880	2880	1
2880	2881	1
2881	2884	1
2882	2879	1
2883	2882	1
2883	2883	1
2884	2884	1
2884	2885	1
2885	2877	1
2885	2885	1
2886	2883	1
2888	2888	1
2890	2875	1
2890	2890	1
2911	2911	1
2912	2911	1
2912	2912	1
2915	2802	1
2915	2915	1
2918	2912	1
2918	2918	1
2922	2922	1
2923	2922	1
2923	2923	1
2926	2926	1
2926	2942	1
2927	2926	1
2929	2936	1
2930	2923	1
2930	2930	2
2930	2957	1
2935	2935	1
2935	2949	1
2936	2938	1
2937	2935	1
2938	2937	1
2940	2929	1
2941	2940	1
2941	2941	1
2942	2941	1
2949	2952	1
2956	2959	1
2957	2958	1
2958	2956	1
2959	2960	1
2960	2967	1
2962	2972	1
2967	2962	1
2967	2967	2
2972	2972	1
2972	2975	1
2977	2930	1
3011	3011	1
3011	3012	1
3012	3012	1
3012	3108	1
3013	3011	1
3061	3061	1
3061	3063	2
3062	3062	1
3062	3064	1
3063	3062	1
3063	3063	1
3064	3064	1
3064	3065	1
3065	3065	1
3065	3066	1
3066	3067	1
3067	3068	1
3068	3068	1
3068	3070	1
3070	3069	1
3108	2668	1
3131	3201	1
3135	3144	1
3140	3135	1
3143	3144	1
3144	3144	1
3144	3161	1
3144	3163	1
3145	3160	1
3146	3145	1
3152	3153	1
3153	3140	1
3155	3152	1
3157	3157	1
3157	3174	1
3159	3157	1
3160	3159	1
3161	3146	1
3163	3131	1
3174	3179	1
3175	3155	1
3176	3175	1
3176	3176	1
3176	3177	1
3177	3177	1
3179	3181	1
3181	3180	1
3181	3181	1
3188	3176	1
3201	3171	1
3209	3210	1
3210	2662	1
3214	3214	1
3227	3228	1
3228	3228	1
3228	3235	1
3230	3214	1
3230	3230	1
3231	3230	1
3231	3231	1
3233	3231	1
3234	3234	1
3235	3234	1
3235	3235	1
3263	3263	1
3263	3265	1
3282	3263	1
3285	3285	1
3286	3285	1
3286	3286	1
3351	2890	1
3362	480	1
3362	517	1
3362	4996	1
3362	5316	1
3362	6094	1
3362	6411	1
3362	7030	1
3362	7234	1
3362	7299	1
3364	3364	2
3364	5480	1
3364	5482	1
3365	3364	1
3376	3376	1
3376	3395	1
3379	3376	1
3379	3379	1
3380	3379	1
3393	3398	1
3395	3395	1
3398	3398	1
3398	3399	3
3399	3399	2
3399	3401	1
3399	5421	1
3401	5420	1
3404	3404	2
3404	3405	1
3404	3407	1
3405	3405	1
3405	3406	1
3405	3413	1
3406	3404	1
3406	3406	1
3407	3408	1
3408	3409	1
3409	3409	1
3409	3413	1
3413	3416	1
3416	3415	1
3424	3424	1
3434	3434	1
3436	3424	1
3436	3434	1
3436	3436	2
3439	3436	1
3444	3453	1
3453	3453	1
3471	3473	1
3473	3473	1
3476	3362	1
3476	3476	1
3501	3476	1
3501	3501	1
3517	3517	1
3517	3551	1
3541	3542	1
3542	3542	1
3542	3565	1
3551	3551	1
3559	3559	1
3559	3563	1
3560	3560	1
3562	3560	1
3563	3562	1
3563	3563	1
3565	3559	1
3565	3565	1
3569	3569	1
3569	3572	1
3572	3572	1
3585	3586	1
3586	3569	1
3586	3586	1
3598	3599	1
3599	3599	1
3613	3613	1
3613	4604	1
3658	3663	1
3659	3662	1
3660	3660	1
3660	3668	1
3661	3660	1
3662	3661	1
3663	3659	1
3663	3663	1
3667	3667	1
3667	3669	1
3667	3691	1
3668	3667	1
3669	3613	1
3675	3675	1
3691	4178	1
3695	3695	1
3695	3728	1
3697	4786	1
3701	3695	1
3713	3713	1
3713	3720	1
3714	3713	1
3714	3714	1
3715	3714	1
3716	3715	1
3716	3716	1
3717	3716	1
3717	3717	1
3728	3717	1
3803	3803	1
3807	3807	1
3807	3808	1
3808	3803	1
3808	3808	1
3811	3811	1
3811	3851	1
3814	3805	1
3814	3814	1
3815	3843	1
3817	3815	1
3818	3817	1
3819	3831	1
3820	3819	1
3821	3821	1
3821	3829	1
3829	3829	1
3829	3833	1
3830	3821	1
3830	3830	1
3831	3830	1
3833	3833	1
3833	3850	1
3838	3838	1
3838	4604	1
3843	3814	1
3850	3838	1
3850	3850	1
3851	3818	1
3855	3855	1
3907	3907	1
3907	6034	1
3908	3915	1
3910	3910	1
3910	3952	1
3915	3915	1
3915	3998	1
3918	3918	1
3919	3919	2
3919	3956	1
3919	3967	1
3922	3924	1
3923	3923	1
3923	3934	1
3924	3923	1
3924	3924	1
3932	3933	1
3933	3922	1
3933	3933	1
3934	3934	1
3934	3952	1
3938	3943	1
3943	3943	1
3943	3944	1
3944	3910	1
3944	3944	1
3951	3919	1
3952	3952	2
3952	3953	1
3953	3953	1
3956	3956	1
3967	3989	1
3970	3919	1
3970	3970	1
3975	3978	1
3978	3919	1
3978	3978	1
3984	3851	1
3986	3988	1
3988	3984	1
3989	3362	1
3998	3998	1
4053	4054	1
4054	4062	1
4055	4056	1
4056	4057	1
4057	4057	1
4057	4076	1
4059	4059	1
4059	4060	1
4060	4060	1
4060	4089	1
4061	4053	1
4062	4062	1
4062	4063	1
4063	4063	1
4063	4064	1
4064	4055	1
4064	4064	1
4066	4170	1
4067	4067	1
4067	4068	1
4068	4068	2
4068	4069	1
4069	4152	1
4076	4075	1
4076	4076	1
4084	4059	1
4084	4084	1
4087	4084	1
4089	4089	1
4091	4061	1
4101	4101	1
4101	4102	1
4102	4102	1
4102	4104	1
4103	4101	1
4103	4103	1
4104	4104	2
4104	4107	1
4105	4103	1
4107	4107	1
4134	4134	1
4135	4134	1
4137	7040	1
4148	4150	1
4150	4068	1
4150	4150	2
4150	4151	1
4151	4151	1
4152	4152	1
4152	4154	1
4153	4150	1
4153	4153	1
4154	4153	1
4170	4067	1
4170	4170	2
4178	3517	1
4178	3855	1
4178	6091	1
4178	6126	1
4178	6506	1
4178	7062	1
4178	7184	1
4178	7357	1
4184	5501	1
4202	5812	1
4203	4255	1
4204	4203	1
4204	4204	1
4204	4243	1
4206	4243	1
4218	4218	1
4219	4218	1
4219	4219	1
4222	4222	1
4223	4224	1
4224	4219	1
4224	4224	1
4231	4232	1
4232	4232	1
4232	4233	1
4233	4222	1
4233	4233	1
4236	4236	1
4236	4237	1
4237	4301	1
4239	4239	1
4239	4241	1
4239	4242	1
4240	4238	1
4241	4240	1
4241	4241	1
4242	4241	1
4243	4239	1
4243	4243	1
4243	4257	1
4244	4239	1
4244	4244	1
4248	4236	1
4250	4244	1
4250	4248	1
4255	4250	1
4257	4204	1
4257	4257	1
4259	4259	1
4301	4259	1
4301	4301	3
4301	5876	1
4301	5884	1
4303	4303	1
4303	4304	2
4304	4304	2
4304	4305	1
4304	4318	1
4305	4306	1
4308	4308	1
4312	5936	1
4313	4312	1
4314	4315	1
4315	4315	1
4318	4318	1
4318	4319	1
4319	4319	1
4329	4330	1
4330	4330	1
4330	4331	2
4331	4332	1
4331	4333	1
4332	4313	1
4332	4332	1
4332	4335	1
4333	4335	1
4334	4332	1
4334	4334	1
4334	4371	1
4335	4334	2
4335	4335	2
4347	4347	1
4353	4353	1
4353	4354	1
4354	4347	1
4354	4354	1
4363	4365	1
4365	4365	1
4370	7006	1
4371	4378	1
4374	4376	1
4376	4376	1
4376	6955	1
4378	4378	1
4393	4393	1
4393	4404	1
4399	4396	1
4399	4399	1
4399	4404	1
4400	4418	1
4404	4399	1
4404	4404	1
4404	4405	1
4405	4405	1
4405	4406	1
4406	4406	1
4417	4399	1
4417	4417	1
4418	4418	1
4418	5829	1
4453	4634	1
4458	4458	1
4458	4508	1
4458	5605	1
4459	4460	1
4460	4460	1
4460	4462	1
4461	4559	1
4462	4462	1
4462	4505	1
4467	4467	2
4468	4481	1
4469	4467	1
4469	4469	1
4470	4469	1
4470	4502	1
4473	4473	1
4473	4490	1
4478	4479	1
4479	1781	1
4479	4479	1
4481	4470	1
4484	4490	1
4486	2071	1
4486	4486	1
4488	4486	1
4488	4488	1
4490	1759	1
4490	4490	1
4490	4493	1
4493	4488	1
4493	4493	1
4499	4511	1
4502	4458	1
4502	4502	1
4504	4603	1
4505	4507	1
4507	4512	1
4508	4504	1
4508	4508	1
4508	4564	1
4509	4634	1
4511	4467	1
4511	4473	1
4511	4511	1
4512	4512	1
4512	4563	1
4518	4520	1
4520	4520	1
4520	4523	1
4521	4523	1
4522	4522	1
4523	4523	2
4523	4524	1
4524	4522	1
4550	4578	1
4551	4550	1
4551	4551	1
4554	4499	1
4555	4634	1
4559	4554	1
4559	4559	1
4563	4566	1
4564	4564	1
4565	4566	1
4566	4461	1
4566	4566	2
4571	4565	1
4578	4578	1
4592	4592	1
4603	4551	1
4603	4571	1
4604	4417	1
4604	5602	1
4604	7365	1
4611	4611	1
4629	7040	1
4634	2004	1
4634	4611	1
4634	5333	1
4634	5520	1
4634	5748	1
4634	6921	1
4669	4669	1
4676	4676	1
4676	4718	1
4677	4678	1
4678	4676	1
4678	4678	1
4684	4684	1
4684	4686	1
4686	4686	1
4688	4688	1
4694	4700	1
4695	4695	1
4695	4697	1
4696	4688	1
4696	4696	1
4697	4696	1
4697	4697	1
4698	2668	1
4700	4695	1
4700	4700	1
4705	4705	1
4709	4705	1
4709	4709	1
4710	4709	1
4710	4710	1
4711	4712	1
4712	4710	1
4712	4712	1
4717	4670	1
4717	4717	1
4718	4718	1
4718	4719	1
4719	4717	1
4719	4719	1
4721	2774	1
4756	4760	1
4760	4760	1
4781	4781	1
4781	5110	1
4781	5201	1
4783	4781	1
4785	4785	1
4786	4785	1
4873	4873	1
4873	4874	1
4873	4889	1
4874	4874	1
4874	4885	1
4881	4873	2
4883	4881	1
4885	4885	1
4887	4923	1
4889	4893	1
4890	4883	1
4893	4887	1
4896	4896	1
4896	4897	1
4897	4906	1
4897	4907	1
4898	4910	1
4899	4896	1
4900	4899	1
4906	4907	1
4907	4907	1
4907	4917	1
4910	4912	1
4912	4916	1
4913	4900	1
4913	4913	1
4914	4914	1
4914	4915	1
4915	4913	1
4916	4914	1
4916	4916	1
4917	4917	1
4919	5192	1
4923	4927	1
4927	6516	1
4980	5080	1
4996	4698	1
4996	4996	1
5019	5019	1
5019	5020	1
5020	5011	1
5020	5020	2
5024	5019	1
5025	5024	1
5025	5025	1
5026	5020	1
5026	5026	1
5026	5081	1
5028	2743	1
5033	5033	1
5033	5041	1
5033	5068	1
5035	5033	1
5036	5035	1
5037	5036	1
5041	5026	1
5067	5070	1
5068	2727	1
5068	5068	1
5070	2668	1
5070	5070	1
5080	5033	1
5080	5080	2
5081	5025	1
5087	5501	1
5110	5111	1
5111	5202	1
5116	5116	1
5116	5125	1
5120	5116	1
5121	5120	1
5122	5121	1
5124	5124	1
5125	5128	1
5128	5124	1
5128	5127	1
5130	5130	1
5130	5132	1
5132	5132	1
5135	5130	1
5135	5135	1
5137	5142	1
5142	5135	1
5142	5142	1
5159	5159	1
5160	5165	1
5165	5159	1
5165	5165	1
5187	5187	1
5187	5501	1
5192	5192	1
5192	7218	1
5197	5187	1
5201	5201	1
5202	5122	1
5265	5262	1
5267	5268	1
5268	5274	1
5273	5265	1
5274	5274	1
5274	6495	1
5278	5287	1
5280	5278	1
5284	5285	1
5285	5280	1
5287	5288	1
5288	5294	1
5290	5291	1
5291	5273	1
5293	5290	1
5293	5293	1
5294	5293	1
5297	5300	1
5300	5300	1
5302	5302	1
5305	5305	1
5305	5312	1
5309	5309	1
5309	5347	1
5312	5312	1
5313	5346	1
5316	5316	1
5316	5350	1
5322	5323	2
5323	5323	2
5323	5327	1
5327	5327	1
5327	5328	1
5328	5328	1
5328	5330	1
5329	5329	1
5330	5329	1
5330	5330	2
5331	5331	1
5332	5350	1
5333	5333	1
5335	5353	1
5341	5332	1
5342	5330	1
5343	5355	1
5346	5309	1
5346	5346	1
5347	5305	1
5347	5347	1
5350	5302	1
5350	5350	2
5350	5359	1
5352	5388	1
5353	5353	1
5353	5501	1
5355	5331	1
5355	5355	1
5355	5433	1
5358	6132	1
5359	5359	1
5359	6175	1
5359	6180	1
5365	5365	1
5365	5371	1
5367	4634	1
5370	5372	1
5371	5371	1
5371	5387	1
5372	5372	1
5385	5385	1
5387	5387	1
5388	5385	1
5388	5388	1
5389	5365	1
5396	5660	1
5403	5403	1
5404	5403	1
5420	3364	1
5420	3405	1
5421	3404	1
5433	5433	1
5440	5440	1
5450	5489	1
5453	5440	1
5456	5472	1
5458	4634	1
5458	5501	1
5463	5473	1
5468	5468	1
5469	5468	1
5472	5352	1
5472	5472	2
5472	5474	1
5473	5472	1
5473	5473	1
5474	5474	1
5480	5480	1
5480	5494	1
5482	5482	1
5482	5483	1
5483	5483	1
5489	5509	1
5494	4137	1
5494	5494	1
5501	3436	1
5501	4353	1
5501	4458	1
5501	4684	1
5501	5807	1
5501	5884	1
5501	5955	1
5501	6506	1
5509	3501	1
5514	231	1
5514	4303	1
5514	5831	1
5520	5520	1
5526	5526	1
5526	5600	1
5527	5528	1
5528	5526	1
5528	5528	1
5578	5501	1
5578	5578	1
5596	5596	1
5596	5600	1
5600	5600	2
5602	5596	1
5602	5602	1
5605	5605	1
5631	5673	1
5638	5638	1
5647	5638	1
5658	5578	1
5660	5660	1
5673	5673	1
5673	5674	1
5674	5674	1
5680	5710	1
5710	5710	1
5731	5741	1
5741	5514	1
5741	5741	1
5742	5742	1
5748	5742	1
5748	5748	1
5778	5779	1
5779	5779	1
5781	5781	1
5800	5778	1
5800	5800	1
5802	7029	1
5803	5803	1
5807	5800	1
5807	5807	1
5808	5811	1
5809	5809	1
5811	5809	1
5811	5811	1
5811	6195	1
5812	5812	1
5824	5824	1
5824	5825	1
5825	5827	1
5826	5824	1
5826	5826	1
5827	4301	1
5829	5781	1
5831	5834	1
5834	5834	1
5834	5836	1
5836	4393	1
5839	5826	1
5844	4178	1
5852	5858	1
5858	5858	1
5865	5882	1
5869	5870	1
5870	5870	1
5870	5913	1
5876	5876	1
5882	5882	1
5884	5884	2
5884	5891	1
5884	5951	1
5887	5890	1
5890	5904	1
5891	5865	1
5891	5891	1
5897	5884	1
5897	5897	1
5898	5897	1
5898	5910	1
5903	5903	1
5903	5907	1
5904	5903	1
5904	5904	1
5905	5908	1
5906	5906	2
5906	5917	1
5907	5906	1
5907	5907	2
5907	5908	1
5908	5908	1
5908	5916	1
5910	5910	1
5911	5911	1
5913	5911	1
5913	5913	2
5915	5913	1
5916	5920	1
5917	5917	1
5917	5921	2
5920	5917	1
5920	5920	1
5921	5920	1
5921	5921	1
5921	5925	1
5925	5925	1
5925	5931	1
5929	5929	1
5931	5931	1
5931	5932	1
5932	5906	1
5932	5932	1
5935	5935	1
5935	5937	1
5936	5935	1
5937	5929	1
5937	5937	1
5951	5951	1
5954	5954	1
5955	5954	1
5955	5955	1
5958	4301	1
5958	5907	1
5962	5962	1
5962	5967	1
5962	6988	1
5965	5965	1
5965	5966	2
5966	5966	1
5966	5974	1
5966	6988	1
5967	5965	1
5972	5962	2
5972	5972	2
5973	5972	1
5974	5973	1
5974	5975	1
5975	5972	1
5977	5974	1
5977	5977	1
5978	5977	1
5979	5978	1
6003	6003	1
6003	6009	1
6008	6110	1
6009	6009	1
6012	6012	1
6012	6013	1
6013	6013	1
6013	6014	1
6014	6014	1
6014	6018	1
6015	6015	1
6018	6015	1
6018	6018	1
6023	6030	1
6030	6030	1
6034	3908	1
6034	6034	1
6035	3907	1
6091	6091	1
6092	3918	1
6092	6092	1
6094	6092	1
6094	6094	1
6106	6107	1
6107	6107	1
6107	6109	1
6109	6109	1
6109	6112	1
6110	6115	1
6111	6008	1
6111	6111	1
6112	6112	1
6112	6113	1
6113	6114	1
6114	6111	1
6115	4170	1
6115	6003	1
6115	6115	1
6117	4104	1
6117	6117	1
6118	6117	1
6118	6118	1
6123	6118	1
6125	7366	1
6126	6126	1
6132	6132	1
6136	6147	1
6138	6138	2
6138	6162	1
6139	6138	1
6139	6139	1
6140	6141	1
6141	6139	1
6141	6141	1
6146	6146	1
6147	6147	1
6147	6148	1
6148	3970	1
6148	6148	1
6154	6155	1
6155	6138	1
6155	6155	1
6157	6157	1
6159	6157	1
6162	6162	2
6162	6163	1
6163	6162	1
6163	6163	1
6180	6180	1
6184	6184	1
6184	6186	1
6185	5803	1
6185	6185	1
6186	6186	1
6186	6187	1
6187	6185	1
6192	6184	1
6192	6192	1
6194	6192	1
6194	6194	1
6195	6194	1
6195	6195	1
6202	6146	1
6211	6211	1
6211	6220	1
6212	6211	1
6214	6012	1
6215	6212	1
6216	6284	1
6220	6220	1
6220	6300	1
6232	4178	1
6232	6232	1
6259	6232	1
6259	6259	1
6261	6311	1
6265	6295	1
6267	6259	1
6268	6267	1
6284	4178	1
6295	6295	1
6300	6261	1
6302	5501	1
6305	6305	1
6306	6305	1
6323	6344	1
6328	6328	1
6328	6365	1
6328	6372	1
6330	6330	1
6330	6337	1
6332	6334	1
6333	6330	1
6334	6334	1
6334	6335	1
6335	6333	1
6336	6265	1
6336	6336	1
6337	6336	1
6344	6348	1
6348	4604	1
6348	6348	1
6355	6359	1
6359	6359	2
6359	6363	1
6363	3362	1
6363	6363	1
6365	6328	1
6365	6365	1
6365	6368	1
6368	6368	1
6368	6370	1
6370	6359	1
6371	6380	1
6372	6372	1
6372	6411	1
6375	6411	1
6378	6379	1
6379	6379	1
6380	6380	1
6380	6381	1
6381	6381	1
6381	6392	1
6388	6391	1
6389	6388	1
6389	6389	1
6390	6389	1
6391	6396	1
6392	6378	1
6392	6392	2
6392	6455	1
6396	6399	1
6397	6406	1
6398	6397	1
6399	6398	1
6400	6392	1
6404	4178	1
6411	6411	3
6411	6419	1
6414	3807	1
6419	6419	1
6422	6464	1
6430	3811	1
6432	6432	1
6433	6432	1
6434	6433	1
6434	6434	1
6435	6436	1
6436	6436	1
6436	6439	1
6437	6442	1
6439	6437	1
6439	6439	1
6442	6434	1
6442	6442	1
6448	6449	1
6449	6449	1
6455	3849	1
6455	6390	1
6455	6455	1
6456	3675	1
6456	6422	1
6456	6456	1
6457	6456	2
6457	6457	1
6458	6457	1
6460	6457	1
6463	6463	1
6463	6465	1
6464	6455	1
6464	6463	1
6465	6389	1
6465	6465	1
6495	6500	1
6500	6500	1
6500	6506	1
6506	6506	3
6506	6511	1
6511	6538	1
6513	6513	1
6514	6514	1
6514	6561	1
6515	6514	1
6516	6516	1
6525	6527	1
6527	6527	1
6527	6546	1
6538	6513	1
6546	6546	1
6546	6549	1
6549	6549	1
6560	6560	1
6561	6560	1
6561	6561	1
6584	2662	1
6588	6649	2
6589	6588	2
6589	6589	2
6592	6584	1
6593	6593	1
6593	6642	1
6597	6592	1
6600	6600	1
6600	6601	1
6601	6601	1
6601	6608	2
6603	6593	1
6608	6609	2
6609	6589	2
6609	6609	2
6612	3188	1
6612	6612	1
6640	6600	1
6642	6642	1
6642	6652	1
6649	6650	2
6650	6612	1
6650	6650	2
6652	6597	1
6702	7253	1
6703	7253	1
6712	6719	1
6719	6719	1
6722	6722	1
6732	7253	1
6735	6735	2
6737	6737	1
6737	7253	1
6748	6750	1
6750	6750	1
6754	6754	1
6754	6809	1
6756	6756	1
6756	6820	1
6758	6758	1
6760	6756	1
6762	6762	1
6762	6815	1
6770	6770	1
6770	6814	1
6775	6798	1
6778	6762	1
6778	6778	1
6789	6790	1
6790	6790	1
6796	6796	1
6797	6796	1
6798	6778	1
6798	6798	1
6808	6754	1
6808	6808	1
6809	6809	1
6810	6811	1
6811	6808	1
6811	6811	1
6812	6812	1
6814	6814	1
6815	6815	1
6816	6737	1
6816	6816	1
6820	6820	2
6820	6828	1
6828	6828	1
6828	6830	1
6829	6829	1
6830	6830	1
6830	6862	1
6833	1217	1
6833	6833	1
6836	6833	1
6837	6837	1
6837	6858	1
6838	6722	1
6838	6837	1
6838	6838	1
6839	6838	1
6850	3362	1
6850	6849	1
6850	6850	2
6852	1008	1
6854	6850	2
6854	6855	1
6855	6854	1
6855	6855	2
6856	6857	1
6857	6855	1
6858	6856	1
6858	6858	1
6862	6862	1
6864	6865	1
6865	6865	1
6865	6866	1
6866	6866	1
6882	6887	1
6882	6925	1
6884	6884	1
6884	6917	1
6887	6884	1
6900	4629	1
6917	6900	1
6919	6919	1
6919	6922	1
6920	6882	1
6921	6921	1
6922	6922	1
6925	6876	1
6925	6925	1
6925	6932	1
6927	4634	1
6927	6927	1
6932	6932	1
6935	6927	1
6941	99999923	1
6948	6919	1
6951	6951	1
6951	6976	1
6952	6952	1
6952	6953	2
6953	6953	2
6953	6955	2
6954	6952	1
6954	6954	1
6955	4308	1
6955	6951	1
6955	6955	3
6955	6956	1
6955	6963	1
6955	7021	1
6955	7299	1
6956	6956	1
6956	7303	1
6958	6959	1
6959	6959	1
6959	6960	1
6960	6960	1
6963	6963	1
6965	7289	1
6968	6951	1
6976	6954	1
6976	6976	1
6983	6983	1
6984	6983	1
6984	6984	1
6988	6984	1
6997	6997	2
6998	6997	1
6998	6998	1
7000	7001	1
7001	7001	1
7001	7002	2
7002	5977	1
7002	7002	2
7006	7006	1
7006	7008	1
7008	7008	1
7009	6998	1
7011	6997	1
7019	7020	1
7020	7020	1
7021	7021	1
7027	5514	1
7029	4202	1
7030	7030	1
7036	7036	1
7040	7040	2
7040	7307	1
7042	7042	1
7047	7048	1
7048	7042	1
7048	7048	1
7048	7049	1
7049	7049	2
7049	7052	1
7050	7050	1
7050	7054	1
7052	7052	1
7052	7399	1
7053	7053	1
7053	7063	1
7054	7053	1
7055	7050	1
7057	7058	1
7058	7058	2
7062	7058	1
7062	7062	1
7063	7063	2
7079	5501	1
7079	7079	1
7080	7079	1
7082	7085	1
7083	7083	1
7083	7084	1
7084	7082	1
7084	7084	2
7085	7063	1
7085	7085	1
7095	7096	2
7096	7084	1
7096	7096	2
7096	7098	1
7097	7083	1
7098	7097	1
7098	7098	1
7110	7110	1
7111	7112	1
7112	7112	1
7112	7115	1
7114	7110	1
7115	7115	1
7124	7095	1
7124	7124	1
7131	7134	1
7134	7124	1
7155	7157	1
7156	7155	1
7157	7157	1
7157	7160	1
7157	7168	1
7160	7160	1
7168	7171	1
7171	3362	1
7171	7171	1
7175	7188	1
7183	7193	1
7184	7184	1
7188	7188	1
7188	7189	1
7189	7189	1
7189	7190	1
7190	7189	1
7190	7190	2
7191	7190	1
7191	7191	1
7193	7193	1
7193	7195	1
7194	7191	1
7195	7194	1
7195	7195	2
7196	7195	1
7197	7196	1
7197	7197	1
7197	7226	1
7198	7197	1
7208	7209	1
7209	7197	1
7216	7216	1
7218	7216	1
7218	7218	1
7224	7229	1
7226	7224	1
7226	7226	1
7229	7229	1
7229	7232	1
7230	7230	1
7231	6430	1
7232	7230	1
7234	7234	1
7236	7253	1
7239	7253	1
7240	7253	1
7241	7241	1
7242	7242	1
7242	7243	1
7243	7241	1
7243	7243	1
7244	7244	1
7245	7242	1
7245	7245	1
7247	7241	1
7247	7253	1
7251	7247	1
7253	6758	1
7253	6770	1
7253	6812	1
7253	7253	2
7254	7244	1
7256	6816	1
7266	7266	1
7270	7253	1
7270	7270	1
7271	7270	1
7273	7245	1
7286	7286	1
7287	6965	1
7289	7289	1
7289	7290	1
7290	6955	1
7290	7290	1
7291	7291	1
7291	7292	1
7292	7292	1
7295	7286	1
7296	6955	1
7296	7297	1
7297	7297	1
7299	7299	2
7303	7291	1
7303	7303	2
7304	7303	1
7307	7307	1
7308	7308	1
7309	7308	1
7309	7309	1
7309	7323	1
7310	7309	1
7310	7310	1
7312	7312	1
7313	7313	1
7314	7310	1
7314	7313	1
7314	7314	2
7315	7314	1
7315	7315	1
7316	7315	1
7320	7312	1
7320	7320	1
7321	7314	1
7323	7323	1
7327	7329	1
7329	7329	1
7330	7320	1
7333	7333	1
7334	7333	1
7334	7399	1
7340	7340	1
7340	7341	1
7341	7341	1
7342	7342	1
7344	7036	1
7346	7342	1
7346	7344	1
7347	7346	1
7354	7356	1
7356	7356	1
7357	7357	1
7364	7372	1
7365	7365	1
7366	7366	1
7366	7367	1
7366	7369	1
7367	7367	1
7367	7383	1
7368	7366	1
7368	7399	1
7369	7340	1
7369	7369	1
7371	7371	1
7371	7373	1
7372	7371	1
7372	7372	2
7372	7374	1
7373	7372	1
7373	7373	1
7374	7049	1
7374	7374	1
7381	7381	1
7381	7399	1
7383	7383	2
7384	7383	1
7387	7387	1
7390	7399	1
7397	7397	1
7398	7398	1
7399	7381	1
7399	7387	1
7399	7398	1
7400	4137	1
7400	7366	1
99999923	6735	2
99999923	6820	1
99999923	7266	1
99999933	7397	1
