ORIG	DEST	N_TOT
2	10	1
2	1243	1
9	9	1
9	13	1
10	9	1
10	10	1
10	979	1
13	13	1
13	24	1
15	15	1
15	21	1
20	91	1
21	22	1
21	23	1
23	176	1
24	15	1
24	24	1
37	979	1
49	979	1
75	979	1
80	80	1
80	168	1
82	21	1
82	82	1
85	85	1
85	86	1
86	86	1
86	87	1
87	87	1
87	88	1
88	80	1
88	88	1
90	82	1
90	162	1
91	90	1
94	92	1
98	160	1
107	106	1
108	107	1
108	108	1
110	111	1
111	111	1
111	112	1
112	112	1
113	113	2
113	117	1
113	1001	1
114	114	1
115	121	1
117	110	1
117	114	1
117	117	2
118	117	1
118	118	1
119	118	1
120	127	1
121	120	1
121	121	1
122	113	1
122	115	1
122	122	1
124	122	1
127	119	1
127	127	1
137	979	1
138	979	1
142	142	1
142	143	1
143	143	1
144	145	1
145	145	1
145	147	1
147	142	1
147	147	1
151	1431	1
159	98	1
160	94	1
161	161	1
162	159	1
162	979	1
164	20	1
164	164	1
165	164	1
166	165	1
171	174	1
172	577	1
173	173	1
173	179	1
174	174	1
176	176	1
176	1008	1
179	179	1
188	188	2
188	190	1
189	1008	1
190	190	1
190	206	1
196	196	1
196	599	1
197	196	1
201	188	1
202	188	1
202	202	1
206	206	1
208	208	1
210	202	1
211	211	1
214	211	1
214	214	1
215	214	1
215	215	1
216	215	1
216	216	1
217	216	1
218	221	1
218	227	1
219	219	1
219	227	1
220	219	1
221	219	1
221	221	1
221	226	1
222	221	1
223	218	1
223	223	3
223	225	1
223	226	1
223	1425	1
224	224	2
224	225	2
224	2518	1
225	222	1
225	223	2
225	225	1
226	220	1
226	223	1
226	226	3
227	226	1
227	227	2
229	224	1
230	270	1
230	1041	1
231	231	1
237	230	1
240	240	1
240	241	1
241	218	1
241	241	1
242	238	1
244	252	1
251	244	1
252	240	1
252	252	1
252	253	1
253	253	1
253	255	1
254	254	1
254	257	1
255	254	1
257	260	1
260	261	2
261	242	1
261	261	1
261	979	1
266	266	1
266	3362	1
269	269	1
269	279	1
270	269	1
270	270	1
279	279	1
279	282	1
280	298	1
282	282	1
284	284	1
284	289	1
287	287	1
288	287	1
288	288	1
289	288	1
289	289	1
290	284	1
290	290	1
291	290	1
298	266	1
298	298	1
309	309	1
309	310	1
310	310	1
310	519	1
312	313	1
313	313	1
313	314	1
314	314	1
315	318	1
316	309	1
316	315	1
316	316	1
318	318	1
318	332	1
324	324	2
324	325	1
324	469	1
325	325	1
325	469	2
327	324	1
327	328	1
328	324	1
328	328	1
331	334	1
332	331	1
332	332	1
334	327	1
337	338	1
338	338	1
338	1044	1
358	358	1
359	358	1
359	359	1
361	2592	1
377	2844	1
379	383	1
383	383	1
390	379	1
390	390	1
399	399	1
399	2662	1
420	421	1
421	422	1
422	720	1
423	424	1
424	424	1
424	425	1
424	436	1
425	425	2
425	428	1
427	423	1
427	427	1
428	425	1
428	428	2
428	450	1
429	428	1
432	432	1
432	730	1
434	432	1
435	427	1
435	435	1
436	434	1
436	435	1
436	436	1
439	436	1
443	458	1
450	450	1
450	451	1
451	451	1
452	452	1
452	453	1
453	453	1
458	458	1
458	459	1
459	399	1
459	459	1
461	443	1
468	468	2
468	476	1
469	468	2
469	469	3
489	489	1
489	695	1
492	489	1
493	493	1
500	501	1
501	502	1
502	650	1
503	500	1
503	503	1
503	651	1
506	503	1
514	514	1
515	514	1
519	519	1
522	526	1
526	526	1
526	552	1
528	979	1
542	543	1
543	543	1
552	552	1
552	568	1
554	554	1
555	554	1
555	555	1
556	555	1
560	562	1
561	571	1
562	562	1
563	298	1
563	563	1
567	979	1
568	563	1
568	568	1
568	569	1
569	569	1
570	570	1
571	570	1
571	571	1
577	577	1
577	581	1
581	581	1
583	85	1
592	593	1
593	593	1
593	594	1
594	594	1
594	596	1
596	596	1
596	611	1
598	598	1
599	173	1
599	599	2
599	601	1
601	598	1
601	601	1
606	567	1
606	606	1
607	606	1
608	542	1
608	608	1
609	608	1
609	630	1
610	599	1
610	610	1
611	611	1
611	612	1
612	612	1
612	635	1
614	623	1
617	617	1
617	1008	1
621	626	1
623	623	1
626	626	1
626	655	1
630	630	1
630	637	1
634	630	1
635	634	1
637	610	1
637	637	1
644	644	1
644	645	1
645	646	1
646	635	1
648	644	1
650	650	1
650	651	1
651	651	1
651	652	1
652	648	1
655	655	1
655	656	1
656	656	1
656	664	1
657	979	1
661	661	1
661	662	1
662	662	2
662	892	1
662	979	1
663	661	1
663	663	1
664	663	1
664	664	1
667	668	1
668	493	1
668	668	1
672	789	1
683	683	1
684	662	1
684	1044	1
687	687	1
688	688	1
690	690	1
690	692	1
690	694	1
692	692	2
694	692	1
694	694	2
694	697	1
695	695	1
695	696	1
696	694	1
696	696	1
697	687	1
697	688	1
697	697	2
699	700	1
700	702	1
701	701	1
701	703	1
702	701	1
702	702	1
703	697	1
703	706	1
706	452	1
706	706	1
707	707	1
707	710	1
707	779	1
708	780	1
710	708	1
712	707	1
729	707	1
730	420	1
735	735	1
735	742	1
736	735	1
742	742	1
744	760	1
749	3258	1
751	751	1
754	754	1
754	755	2
755	751	1
755	755	2
760	813	1
776	776	1
776	783	2
778	776	2
778	778	1
779	778	2
779	779	1
780	781	1
781	779	1
782	2668	1
783	690	1
783	783	2
789	789	1
789	791	1
791	791	1
791	792	1
792	792	1
798	798	1
798	804	1
799	798	1
804	804	1
804	806	1
806	806	1
813	813	1
813	814	2
814	814	2
814	815	2
815	815	2
815	816	1
816	816	1
827	827	1
827	830	1
828	827	1
830	904	1
836	836	1
836	839	1
839	839	1
841	895	1
842	683	1
842	842	1
842	845	1
845	892	1
847	836	1
847	847	1
848	849	1
849	849	2
849	854	1
852	853	1
853	847	1
853	848	1
853	853	1
854	855	1
855	828	1
855	855	1
862	862	1
866	869	1
868	868	1
868	885	1
869	869	1
869	884	1
871	920	1
881	871	1
881	881	1
882	881	1
884	868	1
884	884	1
885	862	1
885	885	1
892	849	1
892	892	1
895	895	1
895	896	1
896	842	1
896	896	1
904	904	1
911	979	1
919	617	1
920	920	1
920	925	2
924	924	1
925	925	2
925	926	2
926	924	1
926	926	2
926	927	1
927	927	1
927	928	1
928	928	1
928	930	1
929	929	1
930	929	1
930	930	1
948	950	1
950	950	1
950	1897	1
963	1895	1
965	965	1
965	966	1
966	966	1
968	993	1
973	973	1
973	974	1
974	974	1
974	977	1
977	977	1
979	82	1
979	161	1
979	208	1
980	980	1
980	982	1
982	982	1
989	1381	1
990	973	1
993	965	1
993	993	1
996	996	1
996	999	1
997	996	1
997	997	1
998	997	1
999	999	1
999	1896	1
1001	1001	1
1008	217	1
1034	1034	1
1034	1041	1
1035	1035	1
1035	1044	1
1036	226	1
1036	979	1
1036	1036	1
1041	1041	1
1042	1034	1
1042	1035	1
1043	1044	1
1044	1036	1
1044	1042	1
1044	1044	1
1045	1043	1
1047	1048	1
1048	1048	1
1048	1049	1
1049	1045	1
1049	1049	1
1054	1054	1
1056	1056	1
1057	1057	1
1057	1058	1
1058	1056	1
1058	1058	1
1065	1065	1
1071	1071	1
1071	1074	1
1072	1071	1
1072	1072	1
1073	1073	1
1073	1080	1
1074	1074	1
1074	1075	1
1075	1076	1
1076	1073	1
1077	1072	1
1078	1077	1
1079	1079	1
1080	1079	1
1080	1080	1
1081	2299	1
1156	1182	1
1157	1156	1
1159	1159	1
1159	1300	1
1166	1159	1
1166	1166	1
1169	1166	1
1169	1169	1
1169	1184	1
1170	1182	1
1172	1157	1
1173	1172	1
1175	1176	1
1176	1173	1
1180	1180	1
1181	1170	1
1181	1180	1
1181	1197	1
1182	1169	1
1182	1181	1
1182	1182	2
1184	1185	1
1185	1185	1
1185	1186	1
1186	1186	1
1186	1187	1
1187	1190	1
1194	1196	1
1195	1181	1
1196	1197	1
1197	1185	1
1197	1195	1
1197	1197	2
1197	1200	1
1199	1199	1
1199	1200	1
1200	1197	1
1200	1200	2
1200	1201	1
1201	1201	1
1201	1204	1
1204	1204	1
1221	1199	1
1221	1221	1
1239	108	1
1239	1239	1
1242	1239	1
1243	6855	1
1289	1289	1
1292	1175	1
1298	1221	1
1298	1289	1
1298	1298	2
1299	1298	2
1299	1299	2
1300	1300	1
1301	1301	1
1301	1302	1
1302	1299	2
1302	1302	1
1303	1301	1
1357	1356	1
1357	1357	1
1358	1357	1
1358	1358	1
1360	1360	1
1362	1360	1
1362	1362	1
1366	1520	1
1368	1522	1
1369	1507	2
1370	1369	2
1370	1370	1
1371	1370	1
1371	1371	1
1372	1371	1
1372	1372	1
1381	980	1
1381	1381	1
1385	1385	1
1386	1372	1
1392	1385	1
1392	1392	1
1393	1392	1
1411	224	1
1425	1411	1
1425	1425	1
1427	1433	1
1429	1432	1
1430	1427	1
1430	1430	1
1430	1433	1
1431	1430	1
1431	1431	1
1432	1432	2
1432	1435	1
1433	1429	1
1433	1432	1
1433	1433	3
1435	1433	1
1435	1435	2
1435	1436	1
1436	1436	1
1436	1439	1
1438	1439	1
1438	1440	1
1439	1439	1
1439	1440	1
1440	1435	1
1440	1440	2
1440	1448	1
1445	1445	1
1446	1445	1
1446	1446	1
1447	1446	1
1448	1448	1
1463	113	1
1463	1463	1
1468	1463	1
1497	1497	1
1497	1515	1
1500	1500	1
1501	1497	1
1503	1509	1
1505	1505	1
1507	1507	2
1507	1508	2
1508	1505	1
1508	1508	2
1508	1522	1
1509	1509	1
1509	1513	1
1511	1519	1
1513	1500	1
1513	1513	1
1515	1515	1
1519	1368	1
1519	1519	1
1520	1516	1
1521	1366	1
1521	1521	1
1522	1521	2
1522	1522	2
1553	6869	1
1556	1574	1
1561	1562	1
1562	1556	1
1564	1590	1
1574	1575	1
1575	1576	1
1576	1583	1
1577	1577	1
1577	1581	1
1581	1577	1
1581	1581	1
1581	1582	1
1582	1581	1
1582	1582	1
1582	1596	1
1583	1577	1
1583	1642	1
1586	1582	1
1586	1586	1
1587	1588	1
1588	1589	1
1588	1594	1
1589	1586	1
1589	1589	1
1590	1590	1
1590	1591	1
1591	1591	1
1591	1593	1
1592	1564	1
1592	1592	1
1593	1593	1
1593	1594	1
1594	1593	1
1594	1594	1
1594	1595	1
1595	1595	1
1595	1598	1
1596	1583	1
1596	1587	1
1598	1603	1
1603	1604	1
1604	1605	1
1605	1606	1
1606	1638	1
1607	1608	1
1608	1608	1
1608	1609	1
1609	1647	1
1610	1610	1
1610	1611	1
1611	1611	1
1621	1630	1
1630	1635	1
1637	1621	1
1638	1637	1
1639	1607	1
1640	1639	1
1641	1640	1
1642	1641	1
1647	1647	1
1648	1674	1
1649	1610	1
1649	1649	1
1650	1649	1
1651	1651	1
1651	1667	1
1653	1651	1
1655	1655	1
1655	1658	1
1655	1666	1
1656	1596	1
1656	1655	1
1656	1656	2
1658	1658	1
1658	1966	1
1659	1656	2
1659	1659	1
1660	1660	1
1660	1661	1
1661	1659	2
1661	1661	1
1662	1660	1
1663	1662	1
1665	1665	1
1665	1666	1
1666	1655	1
1666	1666	2
1666	1669	1
1667	1668	1
1668	1650	1
1669	1674	1
1673	1961	1
1674	1674	2
1674	1677	1
1677	1673	1
1677	1677	1
1679	1704	1
1681	1681	1
1681	1696	1
1686	1694	1
1694	1681	1
1694	1694	1
1696	1697	1
1697	1679	1
1697	1697	1
1704	1721	1
1716	1717	1
1717	1717	1
1717	1718	2
1718	1718	1
1721	1717	1
1721	1721	1
1721	4627	1
1731	1731	1
1749	1749	1
1750	1749	1
1753	1731	1
1753	1753	1
1754	1753	1
1754	1754	1
1756	1756	1
1761	1762	1
1762	1762	1
1762	1763	1
1763	1763	1
1763	1764	1
1764	1756	1
1764	1764	1
1765	1754	1
1766	1766	1
1766	1767	1
1767	1767	1
1767	1768	1
1767	1770	1
1768	1768	2
1768	1786	1
1769	1768	1
1769	1769	1
1770	1769	1
1770	1770	1
1771	1766	1
1772	1771	1
1786	1786	1
1786	1791	1
1791	1789	1
1791	1791	1
1801	1801	1
1801	1816	1
1803	1805	1
1805	1813	1
1806	1808	1
1807	1806	1
1807	1807	1
1808	1808	1
1808	1811	1
1809	1812	1
1810	1801	1
1810	1810	1
1811	1809	1
1811	1811	1
1812	1810	2
1813	1807	1
1813	1813	1
1816	1816	1
1851	1851	1
1851	4634	1
1858	1858	1
1858	1917	1
1863	1869	1
1865	1851	1
1865	1865	1
1867	1867	1
1867	1870	1
1868	1868	1
1869	1865	1
1869	1869	1
1869	1871	1
1870	1868	1
1870	1870	1
1871	1867	1
1871	1871	1
1871	1883	1
1877	1878	1
1878	1878	1
1879	1858	1
1879	1879	1
1882	1916	1
1883	1882	1
1883	1883	1
1887	1879	1
1894	1896	1
1895	1894	1
1895	1895	1
1896	1896	1
1897	1362	1
1897	1897	1
1904	1904	1
1904	1905	1
1905	1905	1
1905	1906	1
1906	1906	1
1914	1916	1
1915	1904	1
1915	1915	1
1916	1915	1
1916	1916	2
1916	1917	1
1917	1917	1
1917	1918	2
1918	1918	2
1918	1935	1
1934	1934	1
1935	1934	1
1935	1935	1
1946	1946	1
1953	1946	1
1955	1592	1
1955	1955	1
1956	1955	1
1956	1956	1
1957	1956	1
1958	1960	1
1959	1959	1
1959	1960	1
1960	1960	2
1960	1962	1
1960	1965	1
1961	1959	1
1961	1961	1
1962	1962	1
1966	1966	1
2012	1065	1
2012	2012	1
2013	1054	1
2014	2013	1
2015	2015	1
2015	2016	1
2016	2016	1
2016	2045	1
2023	2014	1
2023	2023	1
2026	2045	1
2027	2029	1
2027	2038	1
2029	2026	1
2029	2029	2
2029	2030	1
2030	2029	1
2030	2030	1
2030	2031	1
2031	2023	1
2031	2031	1
2033	2037	1
2037	2027	1
2038	2039	1
2039	2042	1
2041	2041	1
2041	2060	1
2042	2041	1
2045	2012	1
2045	2045	1
2045	2047	1
2047	2015	1
2053	2054	1
2054	2054	1
2060	2063	1
2063	2036	1
2076	2078	1
2077	2076	1
2077	2079	1
2078	2077	1
2078	2078	1
2078	2080	1
2079	2049	1
2080	2080	1
2080	2082	1
2081	2081	1
2081	2153	1
2082	2081	1
2083	2151	1
2084	2084	1
2084	2089	1
2086	2084	1
2088	2092	1
2089	2089	1
2090	2096	1
2092	2092	1
2092	2093	1
2093	2093	1
2093	2095	1
2095	2095	1
2095	2096	1
2096	2096	2
2096	2099	1
2099	2099	1
2099	2111	1
2111	2111	1
2111	2112	1
2112	2112	1
2120	2120	1
2120	2122	1
2122	2122	1
2122	2136	1
2136	2136	1
2151	2086	1
2151	2151	1
2153	2153	1
2172	2120	1
2180	2180	1
2180	2182	1
2182	2182	1
2182	2183	1
2183	2183	1
2183	2184	1
2184	2196	1
2185	2185	1
2186	2185	1
2186	2186	1
2196	2186	1
2197	2197	1
2197	2202	1
2200	2197	1
2200	2200	1
2201	2200	1
2202	2202	1
2202	2327	1
2260	2262	1
2262	2272	2
2269	2269	1
2270	2269	1
2270	2270	1
2271	2270	1
2271	2271	1
2272	2272	1
2272	2273	1
2272	2275	1
2273	2274	2
2274	2274	1
2274	2276	1
2274	2282	1
2275	2271	1
2275	2275	1
2276	2278	1
2278	2292	1
2280	2280	1
2280	2418	1
2282	2280	1
2282	2282	1
2282	2283	1
2283	2294	1
2284	2282	1
2284	2284	1
2287	2291	1
2289	2280	1
2289	2287	1
2290	2289	1
2290	2290	1
2291	2284	1
2291	2291	1
2292	2289	1
2292	2292	1
2293	2294	1
2294	2294	2
2294	2297	1
2297	2297	1
2299	2290	1
2308	2308	1
2308	2311	1
2311	1057	1
2311	2311	1
2316	2317	1
2317	2326	1
2326	2326	1
2326	2336	1
2327	2327	1
2327	2501	1
2333	2378	1
2335	2327	1
2335	2335	1
2336	979	1
2336	2335	1
2336	2336	1
2341	2361	1
2344	2344	1
2356	2356	2
2357	2356	1
2357	2357	2
2357	2378	1
2358	2357	1
2361	2361	1
2361	2362	1
2362	2362	1
2362	2363	1
2363	2363	1
2371	2383	1
2375	2375	1
2376	2375	1
2376	2376	1
2378	2356	1
2378	2378	1
2378	2380	1
2380	2383	1
2380	2385	1
2383	2344	1
2383	2380	1
2383	2383	1
2385	2357	1
2385	2385	1
2386	2386	1
2386	2668	1
2396	2396	1
2396	2668	1
2397	2396	1
2397	2397	1
2418	2681	1
2419	2420	1
2420	2420	1
2420	2679	1
2420	2681	1
2421	2419	1
2427	2429	1
2429	2386	1
2429	2429	1
2432	2397	1
2457	2458	1
2458	2458	2
2458	2668	1
2461	2461	1
2465	2461	1
2465	2465	1
2465	2662	1
2466	2466	1
2466	2471	2
2467	2466	1
2467	2467	1
2468	2467	1
2469	2469	1
2470	2469	1
2471	2458	1
2471	2471	2
2471	5501	1
2477	2477	1
2477	2480	1
2478	2477	1
2478	2478	1
2479	2376	1
2479	2479	1
2480	2480	1
2480	2482	1
2482	2479	1
2501	979	1
2501	2501	1
2503	231	1
2503	2503	1
2506	2503	1
2506	2506	1
2509	979	1
2509	2509	1
2509	2515	1
2510	2509	1
2514	2514	1
2514	2528	1
2515	2514	1
2515	2515	1
2518	2517	1
2519	2506	1
2520	979	1
2527	2527	1
2527	2529	1
2528	2528	1
2529	1044	1
2529	2529	1
2529	2534	1
2530	2527	1
2530	2530	1
2531	2530	1
2533	2533	2
2533	2541	1
2534	2534	2
2534	2535	1
2535	2533	1
2535	2534	1
2535	2535	1
2539	2626	1
2540	979	1
2540	2533	1
2540	2539	1
2540	2540	1
2541	2540	1
2541	2541	1
2541	2546	1
2546	2547	1
2547	2548	1
2549	2549	1
2549	2552	1
2550	2549	1
2552	2308	1
2552	2552	1
2570	2557	1
2570	2570	1
2584	2584	1
2584	2609	1
2585	2584	1
2586	2585	1
2586	2586	1
2587	2586	1
2587	2587	1
2588	2589	1
2589	2589	1
2589	2590	1
2590	2587	1
2590	2590	1
2592	2592	1
2596	2599	2
2599	2570	1
2599	2599	2
2609	2609	1
2623	2624	1
2624	316	1
2624	979	1
2624	2624	1
2626	2535	1
2626	2626	1
2668	4715	1
2671	2673	1
2673	2673	1
2673	2675	1
2674	2674	1
2674	2678	2
2675	2674	1
2675	2675	1
2676	2674	1
2678	2678	1
2678	2681	1
2678	2690	1
2679	2682	1
2681	2676	1
2681	2681	2
2681	2702	1
2682	2681	1
2701	2700	1
2701	2701	1
2702	2701	1
2702	2702	1
2703	2668	1
2703	2703	1
2704	2703	1
2704	2704	1
2705	2704	1
2705	2705	1
2727	2727	1
2727	3352	1
2728	2465	1
2729	5606	1
2743	2753	1
2753	2753	1
2753	2770	1
2754	2754	1
2754	2756	1
2755	2755	1
2755	2768	1
2756	2756	1
2767	2755	1
2767	2767	1
2768	2754	1
2768	2768	1
2770	2767	1
2773	4660	1
2806	2806	1
2806	2832	1
2807	2810	1
2808	2806	1
2809	2808	1
2809	2809	1
2810	2809	1
2810	2810	1
2811	2807	1
2811	2811	1
2819	2811	1
2822	390	1
2825	2819	1
2825	2825	1
2827	2825	1
2832	2832	1
2837	2837	1
2838	2837	1
2838	2838	1
2839	2838	1
2843	2822	1
2844	2843	1
2844	2844	1
2850	2853	1
2853	2856	1
2856	2668	1
2856	2856	1
2892	2892	1
2892	2893	1
2893	2894	1
2894	2894	1
2894	2900	1
2895	2902	1
2900	2900	1
2902	2902	1
2902	2906	1
2906	2892	1
2911	2911	1
2931	2968	1
2932	2931	1
2945	2945	1
2951	2951	1
2951	2954	1
2952	2952	1
2952	2964	1
2953	2945	1
2953	2953	1
2954	2952	1
2956	2957	1
2957	2951	1
2957	2957	1
2964	2953	1
2966	2967	1
2967	2727	1
2967	2967	1
2968	2705	1
2968	2968	1
2972	2773	1
2974	2974	1
2982	2668	1
2982	2982	1
2984	2974	1
2984	2982	1
2984	2984	1
2985	2985	1
2992	2992	1
2992	2999	1
2993	2992	1
2993	2993	1
2995	2993	1
2996	2985	1
2996	2996	1
2997	2996	1
2997	2997	1
2998	2997	1
2999	3000	1
3000	2998	1
3000	3000	1
3002	3002	1
3002	3003	1
3003	2984	1
3003	3003	1
3006	3002	1
3011	3010	1
3014	3106	1
3017	3026	1
3019	3019	1
3019	3020	1
3020	3020	1
3020	3021	2
3021	3014	1
3021	3017	1
3021	3021	1
3024	3105	1
3026	3024	1
3027	3027	1
3029	3029	1
3029	3032	1
3031	3029	1
3032	3019	1
3032	3045	1
3036	3037	1
3037	2911	1
3038	3038	1
3038	3039	1
3039	3036	1
3039	3039	1
3040	3038	1
3040	3040	1
3041	3040	1
3045	3041	1
3069	3069	1
3074	3074	1
3074	3076	1
3075	3074	1
3076	3069	1
3076	3076	1
3083	3020	1
3083	3083	1
3104	3083	1
3105	3027	1
3106	3011	1
3112	2662	1
3112	3112	1
3113	3112	1
3113	3113	1
3114	3117	1
3117	3113	1
3117	3117	1
3122	3122	1
3122	6612	1
3123	3123	1
3131	3131	1
3131	3132	1
3137	3138	1
3138	3138	1
3139	3137	1
3147	3139	1
3148	3147	1
3150	3158	1
3152	3155	1
3153	3150	1
3153	3153	1
3154	3153	1
3155	3154	1
3155	3155	1
3156	3148	1
3156	3156	1
3156	3175	1
3158	3156	1
3162	3131	1
3163	3162	1
3163	3163	1
3164	3163	1
3164	3164	1
3165	3165	1
3165	3201	1
3172	3172	1
3172	3173	1
3173	3165	1
3175	2668	1
3175	3122	1
3175	3175	2
3177	3156	1
3177	3177	1
3178	3177	1
3178	3178	1
3180	3178	1
3181	3175	1
3181	3182	1
3182	3172	1
3182	3182	1
3188	3123	1
3188	3188	1
3190	3194	1
3194	3194	1
3195	3200	1
3197	3197	1
3197	3198	1
3198	3198	1
3198	3201	1
3200	3197	1
3200	3200	1
3201	3201	2
3201	3202	1
3202	3164	1
3207	3190	1
3207	3207	1
3208	3208	1
3208	3221	1
3209	3208	1
3209	3209	1
3210	3209	1
3211	3210	1
3211	3211	1
3212	3211	1
3221	3207	1
3221	3221	1
3227	3218	1
3237	3246	1
3243	3243	1
3243	3244	1
3244	3244	1
3245	3247	1
3246	3246	1
3246	3247	1
3247	3243	1
3247	3247	1
3247	3248	1
3248	3227	1
3251	3245	1
3256	754	1
3257	3259	1
3258	3257	1
3259	3256	1
3259	3259	1
3262	749	1
3263	3251	1
3282	3263	1
3283	3293	1
3285	3285	1
3285	3286	1
3286	3286	1
3286	3296	1
3289	3301	1
3293	3285	1
3294	3294	1
3294	3297	1
3295	3294	1
3295	3295	1
3296	3295	1
3296	3296	1
3297	3297	1
3301	3303	1
3303	3282	1
3352	3352	2
3352	3353	1
3352	3469	1
3353	3353	1
3353	3356	1
3354	3354	1
3354	3474	1
3355	3354	1
3355	3355	1
3356	3356	1
3356	3357	1
3356	3358	1
3358	2478	1
3358	3358	1
3359	3454	1
3362	359	1
3362	503	1
3362	2180	1
3362	6408	1
3362	7040	1
3362	7324	1
3364	5484	1
3371	3373	1
3372	3371	1
3373	3373	1
3373	5519	1
3376	3377	1
3377	3355	1
3378	3372	1
3378	3378	1
3378	3387	1
3379	3378	1
3385	3385	1
3387	3387	1
3387	3389	1
3389	3389	1
3389	3390	1
3390	3393	1
3393	3393	1
3393	3394	1
3394	3385	1
3401	3423	1
3422	3423	1
3423	2668	1
3423	3423	1
3423	3435	1
3429	5007	1
3435	3435	1
3435	5009	1
3438	3438	1
3440	3501	1
3445	3376	1
3448	4963	1
3449	3449	2
3449	3451	1
3449	3502	1
3450	3449	1
3450	3450	1
3450	3461	1
3451	3451	1
3451	3455	1
3454	3448	1
3454	3454	2
3454	3465	1
3455	3455	1
3455	3460	1
3456	3450	1
3457	3456	1
3458	3458	1
3458	5035	1
3460	3460	1
3460	3461	1
3461	3454	1
3461	3461	1
3461	3462	1
3462	3438	1
3462	3462	1
3464	3356	1
3465	3465	1
3467	3467	1
3469	3458	1
3469	3469	1
3474	3352	1
3501	3449	1
3501	3501	1
3502	5008	1
3506	3506	1
3506	3550	1
3508	3523	1
3513	4178	1
3516	4178	1
3520	3520	1
3523	3506	1
3523	3523	1
3539	3674	1
3540	3541	1
3541	3541	1
3541	3543	1
3543	3543	1
3545	3545	1
3545	5501	1
3550	3520	1
3550	3550	1
3551	3551	1
3551	3623	1
3552	3551	1
3553	3569	1
3568	3568	1
3568	3586	1
3569	3568	1
3569	3569	3
3569	3580	2
3572	3569	1
3576	3576	1
3576	3599	1
3577	3576	1
3578	3578	1
3578	3587	1
3579	3578	1
3580	3579	1
3580	3580	1
3580	3585	1
3581	3581	1
3585	3585	1
3585	3586	1
3586	3581	1
3586	3586	2
3586	3641	1
3587	3589	1
3588	3595	1
3589	3589	1
3589	3591	1
3591	3592	1
3592	3592	1
3592	3593	1
3593	3588	1
3595	3595	1
3598	3598	1
3598	3600	1
3599	3598	1
3599	3599	1
3600	3685	1
3601	3601	1
3601	3613	1
3606	3610	1
3610	3569	1
3610	3610	1
3612	3612	1
3613	3613	1
3623	3623	1
3641	3612	1
3658	3663	1
3659	3659	1
3659	3662	1
3662	3662	1
3663	3659	1
3663	3663	1
3667	3667	1
3668	3667	1
3668	3668	1
3671	4178	1
3674	3671	1
3674	3674	1
3675	3545	1
3685	3601	1
3700	3700	1
3701	3700	1
3701	3701	1
3702	3701	1
3711	3711	1
3731	3739	1
3739	3739	1
3739	4178	1
3802	3802	1
3802	6446	1
3813	3813	1
3813	4178	1
3817	3818	1
3818	3820	1
3820	3831	1
3821	3822	1
3822	3829	1
3824	3825	1
3825	3821	1
3827	3813	1
3829	3834	1
3830	3824	1
3830	3830	1
3831	3830	1
3833	3833	1
3833	6333	1
3834	3833	1
3837	3837	1
3837	3839	1
3839	3839	1
3840	4178	1
3848	6261	1
3849	3837	1
3849	3848	1
3851	3849	1
3851	3851	1
3854	3854	1
3854	3988	1
3902	6300	1
3904	3904	1
3904	3952	1
3912	7060	1
3913	3912	1
3917	3917	1
3918	3918	1
3923	3923	1
3934	3923	1
3934	3934	1
3936	3938	1
3938	3938	1
3938	3941	1
3940	3940	1
3941	3941	1
3947	3940	1
3947	3947	1
3947	3950	1
3950	3934	1
3950	3950	1
3952	3952	1
3952	4001	1
3960	3961	1
3961	3947	1
3966	3966	1
3968	4051	1
3970	3970	1
3972	3990	1
3974	3974	1
3975	3974	1
3975	3975	1
3978	3975	1
3978	3978	1
3985	3970	1
3985	3985	1
3988	3985	1
3988	3988	1
3990	3990	1
3990	3991	1
3991	3993	1
3993	3978	1
3993	3993	1
3995	3995	1
4001	3995	1
4001	4001	1
4004	3904	1
4051	3917	1
4051	4051	1
4067	4067	1
4069	4069	1
4069	4156	1
4076	4076	1
4078	4076	1
4078	4078	1
4079	4078	1
4080	4080	1
4080	4163	1
4083	4080	1
4083	4083	1
4086	4185	1
4087	4083	1
4091	4091	1
4093	4086	1
4093	4093	1
4093	4095	1
4095	4095	1
4100	4100	1
4100	4168	1
4101	5501	1
4105	4105	1
4105	4107	1
4107	4107	1
4133	4091	1
4136	4153	1
4141	4069	1
4141	5501	1
4142	4144	1
4143	4143	1
4143	4147	1
4144	4143	1
4144	4144	1
4147	4147	1
4147	4151	1
4151	4151	1
4152	4152	1
4153	4152	1
4153	4153	1
4156	4067	1
4156	4156	1
4163	4079	1
4163	4163	1
4168	4093	1
4168	4168	1
4168	4178	1
4178	3802	1
4178	4420	1
4178	4788	1
4178	4854	1
4178	5157	1
4178	6017	1
4183	4178	1
4183	4183	1
4184	4183	1
4184	4184	1
4185	4184	1
4185	4185	1
4185	7029	1
4202	6009	1
4203	4203	1
4203	4204	1
4203	4255	1
4204	4204	1
4204	4205	1
4205	4257	1
4206	4206	1
4208	4203	1
4208	4209	1
4209	4209	1
4209	4210	1
4210	4210	2
4210	4211	2
4211	4211	2
4211	4258	1
4212	7027	1
4221	4221	1
4232	4232	1
4233	4178	1
4235	4210	1
4235	4238	1
4237	4221	1
4237	4237	1
4238	4237	1
4238	4238	1
4254	4257	1
4255	4254	1
4257	4206	1
4257	4257	2
4257	5861	1
4258	4212	1
4258	4258	1
4301	4232	1
4303	4304	1
4304	4304	1
4304	4305	1
4304	5945	1
4305	5942	1
4306	4307	1
4306	6955	1
4307	4341	1
4314	4314	2
4314	4315	1
4314	4336	1
4315	4315	1
4315	4316	1
4316	4316	1
4316	4317	1
4317	4321	1
4321	4321	1
4322	4322	1
4328	4309	1
4329	4330	1
4330	4328	1
4330	4330	1
4330	6955	1
4332	4314	1
4336	4336	1
4336	5501	1
4336	7003	1
4337	4337	1
4337	5943	1
4339	4339	1
4339	5859	1
4341	4336	1
4341	4341	1
4343	4337	1
4346	4346	2
4346	4354	1
4346	4371	1
4351	4346	1
4354	4343	1
4360	4361	1
4361	4361	1
4367	4392	1
4368	4368	1
4369	4370	1
4370	4370	1
4370	4376	1
4371	4371	1
4374	4374	1
4374	4381	1
4376	4374	1
4376	4376	1
4377	4377	1
4377	7026	1
4379	4368	1
4380	4385	1
4381	4379	1
4381	4381	1
4385	4385	1
4385	4386	1
4386	4386	1
4386	4387	1
4387	4387	1
4388	4388	1
4389	4388	1
4389	4389	1
4390	4389	1
4392	4346	1
4392	4392	1
4398	4400	1
4400	4401	1
4401	4403	1
4402	4402	1
4402	4411	1
4403	4403	1
4403	4408	1
4408	4408	1
4408	4409	1
4409	4409	1
4409	4410	1
4410	4410	1
4410	4412	1
4412	4402	1
4412	4412	1
4415	5843	1
4420	4420	1
4422	4422	1
4468	4553	1
4470	4470	1
4470	5501	1
4472	4472	1
4479	4486	1
4486	2078	1
4488	4479	1
4490	4470	1
4490	4490	1
4493	4488	1
4495	4495	1
4503	4503	1
4514	4514	1
4515	4493	1
4516	4550	1
4524	4514	1
4524	4524	1
4550	4472	1
4550	4550	2
4552	4569	1
4553	4553	1
4560	4560	1
4560	4563	1
4563	4503	1
4563	4563	1
4566	4560	1
4568	4568	1
4569	4524	1
4569	4569	1
4570	4495	1
4572	4490	1
4577	4577	1
4577	4579	1
4578	4577	1
4578	4578	1
4579	4579	1
4579	4589	1
4580	4578	1
4589	4550	1
4589	4589	1
4604	240	1
4604	3918	1
4604	5718	1
4627	4627	1
4627	4634	1
4629	1665	1
4634	5253	1
4634	5387	1
4634	5407	1
4634	5681	1
4653	4662	1
4654	4654	1
4660	4653	1
4660	4660	1
4662	4665	1
4663	4663	1
4663	4722	1
4665	4715	1
4672	4672	1
4674	4672	1
4691	4654	1
4701	2668	1
4715	4663	1
4715	4715	1
4715	4722	1
4722	4722	2
4753	4753	1
4753	4776	1
4755	4755	1
4755	4757	1
4756	4756	1
4757	4756	1
4757	4757	1
4771	4775	1
4775	4753	1
4775	4775	1
4776	4778	1
4777	4755	1
4777	4777	1
4778	4777	1
4778	4778	2
4778	4801	1
4779	4803	1
4782	4782	1
4782	4787	1
4787	4787	1
4787	4800	1
4792	4793	1
4793	4793	1
4793	4800	1
4800	4782	1
4800	4800	1
4800	6507	1
4801	4801	1
4803	4778	1
4803	4803	1
4853	4853	1
4853	6517	1
4854	4853	1
4854	4854	1
4861	4861	1
4862	4861	1
4862	4862	1
4863	4862	1
4863	4863	1
4863	4864	1
4864	4874	1
4873	4853	1
4873	4881	1
4874	4873	1
4881	4881	1
4881	4883	1
4883	4883	1
4883	4891	1
4886	4866	1
4887	4886	1
4891	4863	1
4893	4887	1
4894	4893	1
4896	4894	1
4896	4896	1
4905	4905	1
4905	4908	1
4907	4917	1
4908	4908	1
4908	4916	1
4909	4896	1
4909	4909	1
4910	4905	1
4914	4914	1
4916	4914	1
4916	4916	1
4917	4909	1
4917	4917	1
4917	7218	1
4955	2668	1
4962	4962	1
4963	4963	1
4963	4975	1
4966	4967	1
4967	4967	1
4967	5005	1
4974	4974	2
4974	4997	1
4975	4974	1
4975	4975	1
4977	4974	1
4977	4977	1
4978	4977	1
4980	5085	1
4981	4981	1
4981	4989	1
4982	4981	1
4983	4983	1
4984	4983	1
4985	4985	1
4985	4990	1
4989	4989	1
4990	4980	1
4995	4985	1
4995	4995	1
4997	4997	1
4997	4998	1
4998	4995	1
4998	4998	1
4999	5000	1
5000	5000	1
5000	5084	1
5002	5002	1
5002	5012	1
5003	5002	1
5003	5003	1
5004	5003	1
5004	5004	1
5005	5004	1
5007	5007	1
5007	5019	1
5009	5009	1
5009	6325	1
5011	5011	1
5011	5012	1
5012	5012	3
5013	5012	1
5013	5013	1
5015	5013	1
5019	5019	1
5021	5011	1
5023	5501	1
5024	5026	1
5026	5026	1
5035	5035	1
5035	5036	1
5036	5037	1
5037	5037	1
5037	5072	1
5052	3467	1
5057	5057	1
5057	5058	1
5058	5058	1
5060	5060	1
5061	5057	1
5062	5060	1
5062	5062	1
5063	5062	1
5072	5072	1
5072	5073	1
5073	5073	1
5073	5078	1
5078	5078	1
5084	5084	1
5085	4962	1
5110	5110	1
5110	5114	1
5114	5114	2
5114	5118	1
5114	5188	1
5115	5128	1
5118	5114	1
5118	5118	2
5119	5118	1
5119	5119	1
5120	5121	1
5121	5119	1
5121	5121	1
5127	5127	1
5127	5187	1
5128	5128	1
5131	4178	1
5131	5131	1
5138	5131	1
5154	5184	1
5157	5157	1
5167	5167	1
5167	5169	1
5169	5169	1
5171	5167	1
5184	5184	1
5184	5186	1
5186	5186	1
5186	5204	1
5187	5187	1
5188	5115	1
5188	5188	1
5196	5110	1
5196	5199	1
5199	5127	1
5199	5199	1
5204	5196	1
5204	5204	1
5258	5258	1
5258	5259	1
5259	5271	1
5265	5266	1
5266	4178	1
5266	5266	1
5270	5269	1
5270	5270	1
5271	5270	1
5284	5290	1
5290	5290	1
5290	6500	1
5298	5298	1
5300	5727	1
5305	5305	1
5306	5306	1
5306	5501	1
5309	5309	1
5309	5312	1
5310	5305	1
5310	5310	1
5310	5311	1
5311	4178	1
5312	5310	1
5312	5312	1
5313	5346	1
5318	5318	1
5319	5319	1
5327	5333	2
5329	5306	1
5329	5329	1
5329	5349	1
5330	5330	1
5333	5333	2
5333	5363	2
5334	5318	1
5345	4178	1
5345	5330	1
5346	5309	1
5346	5346	1
5349	5349	1
5356	6127	1
5357	5357	1
5363	5363	1
5363	5410	1
5364	5364	1
5364	5389	1
5366	5298	1
5367	3362	1
5367	5367	1
5367	5369	1
5369	5369	1
5369	5665	1
5381	5413	1
5387	5364	1
5387	5387	1
5389	5389	1
5391	4634	1
5391	5391	1
5396	4634	1
5398	5367	1
5403	4568	1
5403	5403	1
5406	5403	1
5406	5406	1
5407	5407	1
5409	5406	1
5410	5410	1
5412	5412	1
5412	5413	1
5413	5413	1
5413	5414	1
5413	5530	1
5414	5414	1
5414	5532	1
5429	5431	1
5431	5459	1
5433	5433	2
5433	5435	1
5434	5434	2
5434	5436	1
5434	5493	1
5435	5434	2
5435	5435	2
5436	5436	1
5436	5438	1
5438	5438	1
5439	5440	1
5440	5433	1
5440	5440	1
5443	5435	1
5448	5447	1
5448	5448	1
5449	5448	1
5452	5439	1
5452	5452	1
5453	5452	1
5454	5412	1
5454	5454	2
5454	5501	1
5458	3362	1
5459	5454	1
5459	5459	1
5461	5463	1
5463	5463	1
5464	5464	1
5464	5466	1
5465	5464	1
5466	5466	1
5469	5501	1
5471	5471	1
5471	5474	1
5471	5501	1
5472	5391	1
5472	5471	1
5472	5472	1
5473	5329	1
5473	5472	1
5473	5473	1
5474	5319	1
5474	5474	1
5475	5476	1
5476	5473	1
5476	5476	1
5481	5481	1
5484	5481	1
5484	5484	1
5486	5454	1
5489	5511	1
5493	5353	1
5493	5493	1
5494	5433	1
5505	5507	1
5510	5501	1
5510	5510	1
5510	5511	1
5510	5514	1
5511	5505	1
5511	5510	1
5511	5511	2
5512	5510	1
5512	5512	1
5513	5514	1
5513	5515	1
5514	2702	1
5514	5489	1
5514	5512	1
5514	5513	1
5514	5514	2
5519	5510	1
5530	5530	1
5532	5532	1
5534	4634	1
5538	5540	1
5540	5540	1
5540	5542	1
5542	4634	1
5566	5552	1
5570	5571	1
5571	5566	1
5606	2480	1
5606	5606	1
5626	5632	1
5627	5634	1
5632	5632	1
5634	5634	1
5634	5703	1
5635	5626	1
5635	5635	1
5636	5635	1
5638	5642	1
5639	5639	1
5639	5640	1
5640	5640	1
5640	5641	1
5641	5641	1
5642	5639	1
5642	5643	1
5643	5643	1
5643	5647	1
5644	5570	1
5646	5649	1
5647	5646	1
5648	5644	1
5648	5648	1
5649	5649	1
5649	5651	1
5649	5652	1
5651	5648	1
5651	5651	1
5652	5648	1
5653	5649	1
5665	5666	1
5666	5666	1
5670	5671	1
5671	5671	1
5671	5673	1
5672	5636	1
5672	5672	1
5673	5672	1
5677	5677	1
5681	5677	1
5681	5681	1
5685	3362	1
5685	5685	1
5686	5685	1
5686	5686	1
5687	5687	1
5698	5707	1
5702	5705	1
5703	5702	1
5705	5708	1
5706	5501	1
5706	5698	1
5706	5706	1
5707	5714	1
5708	5712	1
5712	5706	1
5714	5716	1
5716	5713	1
5718	5687	1
5718	5718	1
5727	5727	1
5727	5728	1
5728	5728	1
5728	5730	1
5730	5730	1
5735	5735	1
5735	5745	1
5741	5735	1
5741	5784	1
5743	5743	1
5743	5744	1
5744	5745	1
5745	5745	2
5745	5747	1
5747	5747	1
5752	5501	1
5755	4178	1
5776	5780	1
5779	5795	1
5780	5781	1
5781	5781	1
5781	5826	1
5784	5743	1
5784	5784	1
5795	5795	1
5795	5803	1
5802	5802	1
5802	5806	1
5803	5802	1
5804	4422	1
5805	5804	1
5806	5805	1
5807	5810	1
5808	5807	1
5808	5808	1
5809	5809	1
5810	5810	1
5810	5811	1
5811	5809	1
5811	5811	1
5824	4178	1
5824	5827	1
5826	5824	1
5827	4339	1
5837	5501	1
5843	5843	1
5843	5845	1
5845	5501	1
5845	5845	1
5848	5849	1
5849	5686	1
5850	5850	1
5856	5953	1
5859	5856	1
5861	5861	1
5868	5875	1
5868	5944	1
5872	6955	1
5875	5875	1
5875	5878	1
5878	5878	1
5878	5879	1
5879	5879	1
5882	5850	1
5884	5892	1
5885	5886	1
5886	5886	1
5886	5900	1
5887	5887	1
5887	5890	1
5890	5904	1
5894	5884	1
5897	5894	1
5897	5912	1
5898	5897	1
5899	5887	1
5899	5899	1
5900	5899	1
5900	5900	1
5901	5901	1
5901	5902	1
5902	5902	1
5902	5913	1
5903	5903	2
5904	5903	1
5904	5904	1
5907	5903	1
5910	5898	1
5911	5912	1
5912	5901	1
5912	5910	1
5912	5912	1
5913	5914	1
5914	5915	1
5915	5911	1
5925	5925	1
5925	5928	1
5926	5926	1
5926	5931	1
5927	5943	1
5928	5927	1
5928	5928	2
5929	5970	1
5931	5925	1
5932	5926	1
5932	5932	1
5933	5932	1
5934	5933	1
5942	5934	1
5943	4329	1
5943	5943	2
5944	5944	1
5944	5945	1
5945	4314	1
5945	4322	1
5945	5945	2
5958	6955	1
5959	5501	1
5959	5959	1
5960	5960	1
5960	6981	2
5967	6980	1
5967	6982	1
5970	5959	1
5970	5970	1
5986	5986	1
5986	5987	2
5987	5987	2
5987	6037	1
5994	5986	1
5998	6001	1
5999	5999	1
6001	6001	1
6001	6003	1
6003	6003	1
6003	6004	1
6004	5999	1
6004	6004	1
6008	4105	1
6008	6008	1
6009	6009	1
6017	6017	1
6018	6031	1
6021	6021	1
6021	6028	1
6022	6021	1
6026	4178	1
6028	6028	1
6031	6026	1
6031	6031	1
6037	6037	1
6037	6173	1
6038	4178	1
6047	6047	1
6047	6051	1
6051	5998	1
6052	4178	1
6054	6054	1
6054	6055	1
6055	6056	1
6056	6047	1
6056	6056	1
6056	6065	1
6065	6078	1
6074	6074	1
6074	6094	1
6075	6054	1
6076	6075	1
6077	6080	1
6077	6102	1
6078	6078	1
6078	6081	1
6080	6081	1
6081	4100	1
6081	6081	1
6088	6074	1
6089	6088	1
6089	6089	1
6090	6077	1
6092	6089	1
6093	6090	1
6093	6093	1
6094	6076	1
6094	6094	1
6095	6095	1
6095	6100	1
6096	6095	1
6096	6096	1
6096	6099	1
6099	6099	1
6099	6100	1
6100	6089	1
6100	6093	1
6100	6100	2
6100	6101	1
6101	6101	1
6101	6102	1
6102	6096	1
6102	6102	2
6102	6124	1
6104	6125	1
6110	6008	1
6110	6110	1
6112	6110	1
6122	6122	1
6122	6123	1
6124	6122	1
6125	5501	1
6125	6125	1
6126	6126	1
6126	6191	1
6127	5357	1
6127	6127	1
6127	6174	1
6130	6130	1
6130	6183	1
6136	6136	1
6137	6136	1
6145	4178	1
6149	4178	1
6157	6203	1
6160	6161	1
6161	6161	1
6161	6162	1
6162	6163	1
6163	6163	1
6163	6164	1
6164	6164	1
6164	6167	1
6167	6167	1
6167	6171	2
6169	6169	1
6171	6169	1
6171	6171	2
6173	6126	1
6173	6173	1
6174	6174	1
6179	6182	1
6182	6130	1
6182	6182	1
6183	6183	1
6191	6191	1
6195	5808	1
6203	6203	1
6208	6208	1
6208	6229	1
6209	6209	1
6210	6209	1
6212	6212	1
6212	6214	1
6214	6214	1
6214	6215	1
6215	6215	1
6215	6225	1
6217	6217	1
6217	6224	1
6218	6217	1
6218	6218	1
6219	3854	1
6219	6212	1
6219	6218	1
6220	4178	1
6220	6220	1
6224	6224	1
6224	6225	1
6225	3966	1
6225	6225	2
6226	6232	1
6227	6227	1
6227	6305	1
6228	6227	1
6228	6228	1
6229	6228	1
6229	6229	1
6231	6233	1
6232	6232	1
6232	6234	1
6233	6226	1
6233	6233	2
6233	6372	1
6234	6234	1
6234	6235	2
6235	6235	2
6235	6238	1
6235	6265	1
6238	6238	1
6238	6239	1
6239	6273	1
6241	4178	1
6244	4178	1
6244	6233	1
6245	6245	1
6246	6245	1
6252	6295	1
6254	6244	1
6294	6338	1
6295	6294	1
6295	6295	1
6300	3851	1
6302	6220	1
6304	6304	1
6305	6304	1
6312	3840	1
6312	6312	1
6314	6312	1
6317	6208	1
6320	6327	1
6324	6324	1
6324	6326	1
6325	6343	2
6326	6326	1
6326	6372	1
6326	6373	1
6327	5501	1
6327	6327	1
6330	6326	1
6330	6330	1
6332	6330	1
6332	6332	1
6333	6333	1
6333	6335	1
6335	6332	1
6335	6335	1
6336	6336	1
6336	6337	1
6337	6337	1
6338	6339	1
6339	6336	1
6339	6339	1
6343	6343	2
6343	6352	2
6350	6352	1
6352	6324	1
6352	6350	2
6352	6352	1
6371	6371	1
6372	6324	1
6372	6325	1
6373	6353	1
6373	6373	1
6379	6480	1
6380	6371	1
6380	6380	1
6381	6380	1
6381	6381	1
6389	6389	1
6390	6389	1
6390	6390	1
6392	6381	1
6397	6397	1
6397	6425	1
6402	6402	1
6402	6403	1
6405	6406	1
6406	6406	1
6406	6477	1
6407	6405	1
6407	6407	1
6408	6407	1
6408	6408	1
6420	6420	1
6420	6425	1
6424	6461	1
6425	6425	1
6425	6455	1
6425	6465	1
6429	6420	1
6429	6429	1
6432	6429	1
6453	6453	1
6455	6390	1
6455	6455	1
6461	3668	1
6461	6461	2
6461	6464	1
6463	6466	1
6464	6453	1
6464	6464	1
6465	6463	1
6465	6465	1
6466	6461	1
6466	6466	1
6477	6397	1
6477	6402	1
6478	6478	1
6480	6480	1
6480	6488	1
6488	6488	1
6498	6552	2
6500	6500	1
6500	6501	1
6501	6501	1
6501	6502	1
6502	6478	1
6502	6502	1
6507	5258	1
6507	6507	1
6516	6514	1
6516	6516	1
6516	6517	1
6517	6516	1
6517	6517	2
6529	6516	1
6552	4604	1
6552	6552	1
6584	6653	1
6612	3188	1
6612	6612	1
6653	2668	1
6702	6702	1
6702	6703	1
6703	6703	2
6709	7241	1
6711	7253	1
6714	6714	1
6714	6718	1
6715	6715	1
6715	6727	1
6717	6717	1
6717	6752	1
6718	6717	1
6718	6718	1
6718	6767	1
6721	6721	2
6721	6722	1
6722	6722	2
6722	6725	1
6725	6714	1
6725	6721	1
6726	6725	1
6726	6726	1
6726	99999923	1
6727	6727	1
6733	6726	1
6734	6703	1
6734	7241	1
6735	6701	1
6739	6739	1
6739	6740	1
6740	6740	1
6740	6748	1
6747	6747	1
6748	6747	1
6748	6748	1
6752	6715	1
6762	6762	1
6762	6774	1
6765	6819	1
6766	6773	1
6767	7272	1
6772	6772	1
6773	6772	1
6773	6773	2
6774	6774	1
6776	6776	1
6777	6722	1
6777	6777	1
6778	6777	1
6780	979	1
6782	6782	1
6784	6784	1
6784	6860	1
6785	6784	1
6786	6785	1
6786	6786	1
6787	6788	1
6787	6793	1
6788	6790	1
6790	6786	1
6790	6790	1
6791	4604	1
6791	6782	1
6792	6792	1
6792	6794	1
6793	6792	1
6793	6793	1
6794	6794	1
6799	6807	1
6800	7253	1
6801	6805	1
6802	6721	1
6802	6802	1
6803	6802	1
6805	6805	1
6805	99999923	1
6806	6776	1
6807	6807	1
6812	6812	1
6814	6767	1
6814	6773	1
6818	7253	1
6819	6819	1
6819	7253	1
6820	6820	1
6822	6823	1
6823	6823	1
6836	6836	1
6837	6837	1
6837	6858	1
6838	6837	1
6838	6838	1
6839	6838	1
6839	6839	1
6842	6836	1
6842	6839	1
6848	6848	1
6850	6850	1
6851	6850	1
6851	6851	1
6854	6851	1
6855	6848	1
6855	6855	1
6856	6856	1
6858	6856	1
6858	6858	1
6860	6860	1
6860	6861	1
6861	6861	2
6861	6872	1
6862	6862	1
6863	6862	1
6868	6871	1
6869	1358	1
6871	979	1
6871	6871	1
6872	6872	1
6872	6873	1
6873	6873	1
6874	4629	1
6874	6874	1
6879	6861	1
6883	6886	1
6884	6884	1
6884	6890	1
6884	6918	1
6885	6890	1
6886	6884	1
6886	6885	1
6886	6886	1
6889	4629	1
6889	6889	1
6889	6890	1
6890	6889	1
6890	6890	2
6890	6918	1
6890	6960	1
6893	6883	1
6918	6884	1
6918	6886	1
6918	6918	3
6918	6919	1
6918	6949	1
6919	4634	1
6919	6918	1
6919	6919	1
6923	4634	1
6926	6874	1
6928	4634	1
6928	6928	1
6928	6929	1
6928	6936	1
6929	6929	1
6931	6928	1
6933	6935	1
6935	6935	1
6935	6943	1
6936	4604	1
6936	6936	1
6938	6938	1
6940	4634	1
6943	6938	1
6944	6944	1
6946	7279	1
6955	6944	1
6955	7039	1
6955	7279	1
6958	6958	1
6958	6967	1
6960	6960	1
6965	6958	1
6967	4629	1
6967	6967	1
6980	6994	1
6981	5928	1
6981	6981	1
6982	5960	1
6983	6983	1
6984	6983	1
6984	6984	1
6985	6955	1
6988	6984	1
6988	6988	1
6991	6988	1
6994	6991	1
7002	6955	1
7003	7010	1
7004	7012	1
7010	7010	1
7012	4377	1
7012	7012	1
7019	7021	1
7021	7021	1
7021	7022	1
7022	7022	1
7022	7305	1
7026	7026	1
7027	4178	1
7027	7027	1
7029	7029	1
7030	7030	1
7031	7032	1
7032	7032	1
7034	7039	1
7034	7296	1
7035	7292	1
7037	7037	1
7037	7308	1
7038	6955	1
7038	7037	1
7039	7039	2
7040	7040	1
7046	7046	1
7052	7052	1
7056	7052	1
7057	7046	1
7057	7057	1
7057	7399	1
7059	7061	1
7060	7059	1
7060	7060	1
7061	7061	1
7066	7057	1
7069	7069	1
7071	7071	3
7071	7102	2
7077	7078	1
7078	7071	1
7079	7071	1
7079	7079	1
7080	7079	1
7088	7089	1
7089	7089	1
7089	7392	1
7096	7097	1
7097	7097	1
7097	7399	1
7099	7069	1
7102	7100	1
7102	7102	2
7102	7149	1
7103	7116	1
7105	7105	1
7107	7105	1
7108	7109	1
7109	4178	1
7109	7109	1
7111	7071	1
7111	7111	2
7111	7112	1
7112	7112	2
7112	7116	1
7113	7103	1
7113	7111	2
7113	7113	3
7114	4178	1
7114	7113	3
7116	7112	1
7116	7116	3
7116	7117	2
7117	7116	1
7117	7117	2
7117	7156	2
7122	5501	1
7122	7130	1
7130	7130	1
7130	7131	1
7131	7131	1
7133	7133	1
7133	7399	1
7135	7133	1
7141	7122	1
7143	7143	2
7144	7143	1
7144	7144	1
7145	7143	1
7145	7145	1
7149	7149	1
7149	7150	1
7149	7151	1
7150	7150	1
7151	7144	1
7151	7151	1
7153	7145	1
7154	7169	1
7155	3711	1
7156	7157	1
7157	7154	1
7157	7157	1
7164	7165	1
7165	7165	1
7165	7166	1
7166	7166	1
7166	7169	1
7168	7155	1
7168	7168	1
7169	7168	1
7169	7169	2
7171	7171	1
7172	7171	1
7175	7175	1
7175	7179	1
7178	7178	1
7178	7181	1
7179	7178	1
7181	7181	2
7181	99999933	1
7183	7183	2
7184	7183	1
7185	7181	1
7188	7189	1
7189	7175	1
7189	7189	1
7190	7188	1
7191	7192	1
7192	7183	1
7192	7192	1
7194	4178	1
7194	7194	1
7196	7194	1
7210	7210	1
7211	7210	1
7211	7211	1
7213	7211	1
7216	7214	1
7218	7219	1
7219	7220	1
7220	7220	1
7220	7221	1
7221	7216	1
7221	7221	1
7231	361	1
7234	3700	1
7234	5501	1
7235	7235	1
7235	7251	2
7235	99999923	1
7236	7253	1
7237	7237	1
7237	7240	1
7238	6702	1
7238	7237	1
7239	6739	1
7239	7239	1
7240	7240	1
7241	7235	1
7241	7249	1
7243	7241	1
7243	7243	1
7244	7243	1
7244	7244	1
7245	7244	1
7245	7245	1
7246	7249	1
7246	7250	1
7249	7245	1
7249	7249	2
7249	7250	1
7249	7255	1
7250	7241	1
7250	7250	2
7250	7251	1
7251	7241	1
7251	7251	5
7251	99999923	1
7253	6762	1
7253	7255	1
7255	7255	2
7257	6767	1
7258	7251	1
7258	7258	1
7258	99999923	1
7259	7260	1
7260	6820	1
7260	7258	1
7260	7260	2
7266	7253	1
7266	7267	1
7266	99999923	1
7267	7267	2
7267	7268	1
7268	7260	1
7268	7267	1
7272	7272	1
7272	7273	1
7273	7273	2
7278	7273	1
7279	6767	1
7279	7251	1
7279	7279	2
7280	6918	1
7280	7280	1
7281	6955	1
7282	7280	1
7282	7282	1
7283	7282	1
7286	7286	1
7288	7286	1
7288	7295	1
7292	6955	1
7292	7292	1
7292	7300	1
7293	3362	1
7294	6955	1
7295	7295	1
7295	7297	1
7296	7296	1
7297	7297	1
7300	7300	1
7305	7024	1
7305	7305	1
7307	6955	1
7313	99999917	1
7315	7316	1
7316	7316	1
7316	7317	1
7317	7317	1
7324	7324	2
7325	7324	1
7325	7325	1
7325	7366	1
7325	99999917	1
7326	7326	1
7327	7327	1
7327	99999917	1
7328	7327	1
7328	7399	1
7329	7330	1
7330	7330	1
7334	7334	1
7334	99999917	1
7336	7334	1
7339	7325	1
7339	7326	1
7340	7399	1
7345	7345	1
7346	7345	1
7353	7354	1
7354	7030	1
7354	7354	1
7360	3362	1
7360	7360	1
7360	7399	1
7365	4604	1
7365	7360	1
7366	7366	1
7366	7369	1
7367	7366	1
7367	7399	1
7369	7369	1
7369	7399	1
7371	7372	1
7371	7374	1
7372	7372	1
7374	7374	1
7378	7382	1
7379	7380	1
7380	7380	1
7380	7381	1
7381	7381	1
7382	7382	1
7384	5501	1
7385	5501	1
7385	7389	1
7386	7386	1
7387	7386	1
7387	7399	1
7389	7389	1
7389	99999933	1
7391	5501	1
7391	7392	1
7392	7392	2
7397	5501	1
7397	7399	1
7399	7400	1
7400	7400	1
99999923	6812	1
99999923	7239	1
