ORIG	DEST	N_TOT
68	65	1
69	68	1
69	69	1
121	122	1
122	122	1
146	147	1
147	147	1
184	184	1
184	185	1
185	185	1
185	186	1
186	186	1
188	184	1
210	210	1
210	242	1
215	210	1
216	215	1
219	216	1
219	219	1
222	222	1
222	223	1
223	223	1
226	222	1
226	226	1
227	219	1
228	227	1
242	242	1
242	250	1
250	250	1
251	251	1
251	979	1
253	251	1
255	258	1
258	258	1
258	302	1
300	300	1
300	554	1
302	300	1
302	302	1
311	311	1
311	312	1
312	312	1
312	313	1
313	313	1
319	311	1
319	319	1
320	319	1
320	320	1
321	320	1
321	321	1
330	321	1
332	1044	1
336	337	1
337	337	1
337	338	1
338	338	1
347	348	1
348	350	1
349	347	1
350	2583	1
371	371	1
371	2668	1
373	377	1
377	377	1
377	2843	1
381	371	1
391	2815	1
392	391	1
392	392	1
409	410	1
410	410	1
410	411	1
411	412	1
412	433	1
418	423	1
419	730	1
422	419	1
422	422	1
423	422	1
423	423	1
423	445	1
426	418	1
427	423	1
427	426	1
427	427	1
428	427	2
428	428	1
429	428	1
433	720	1
440	441	1
441	409	1
445	440	1
445	445	1
488	488	1
488	492	1
489	488	1
489	489	1
492	492	1
493	493	1
493	502	1
501	501	1
501	693	1
502	501	1
508	509	1
509	509	1
554	554	1
554	559	1
559	559	1
584	584	1
585	586	1
586	586	1
586	592	1
591	584	1
591	591	1
592	591	1
592	592	1
605	1008	1
622	622	1
622	657	1
623	622	1
623	623	1
657	657	1
657	4604	1
670	684	1
671	670	1
671	691	1
673	671	1
674	674	1
674	675	1
675	675	1
675	895	1
676	674	1
682	683	1
683	676	1
684	682	1
690	493	1
691	691	1
693	489	1
693	693	1
722	722	1
730	722	1
730	730	1
733	733	1
738	738	1
739	738	1
739	739	1
771	733	1
771	771	1
778	739	1
802	802	1
802	807	1
803	806	1
804	802	1
804	804	1
806	804	1
806	806	1
807	807	1
807	808	1
808	808	1
808	810	1
809	771	1
809	809	1
810	809	1
810	810	1
859	863	1
863	863	1
872	872	1
872	874	1
873	69	1
874	873	1
874	874	1
878	878	1
878	879	1
879	872	1
883	878	1
895	896	1
896	842	1
903	623	1
941	942	1
942	942	1
942	974	1
943	941	1
947	1376	1
951	962	1
953	947	1
954	953	1
955	954	1
956	955	1
956	956	1
962	956	1
969	969	1
970	969	1
970	970	1
973	970	1
973	973	1
974	974	1
974	978	1
978	978	1
978	979	1
979	979	1
979	986	1
979	1078	1
986	986	1
1008	973	1
1048	1054	1
1054	1054	1
1078	1078	1
1159	1163	1
1161	1159	1
1162	1161	1
1163	1296	1
1174	1294	1
1196	1174	1
1235	1235	1
1235	1236	1
1236	1236	1
1237	1235	1
1237	1237	1
1238	1237	1
1244	979	1
1244	1244	1
1252	1244	1
1252	1252	1
1265	1267	1
1267	1252	1
1267	1267	1
1294	1295	1
1295	1162	1
1296	1297	1
1297	1298	1
1375	1374	1
1376	1375	1
1412	226	1
1419	1412	1
1553	1553	1
1553	6917	1
1555	4634	1
1565	1553	1
1580	1580	1
1580	1953	1
1652	4634	1
1783	1783	1
1783	1785	1
1784	1783	1
1785	1785	1
1785	1799	1
1786	1784	1
1790	1793	1
1793	1793	1
1799	1799	1
1799	1821	1
1806	1818	1
1818	1818	1
1820	1820	1
1820	2067	1
1821	1820	1
1821	1821	1
1826	1826	1
1826	4634	1
1843	1826	1
1869	1869	1
1869	1871	1
1871	1871	1
1871	1889	1
1889	1889	1
1889	4604	1
1935	1843	1
1935	1869	1
1935	1935	2
1936	1935	2
1938	1936	1
1953	1953	1
1953	4604	1
2003	4634	1
2067	1806	1
2119	2119	1
2119	2121	1
2120	2119	1
2120	2120	1
2121	2121	1
2121	2124	1
2124	2192	1
2146	2147	1
2147	2147	1
2147	2149	1
2149	2149	1
2149	2153	1
2153	2154	1
2154	2154	1
2154	2156	1
2156	2156	1
2167	2146	1
2171	2171	1
2171	2172	1
2172	2120	1
2173	2173	1
2173	2198	1
2175	2173	1
2198	2171	1
2356	2356	1
2357	2356	1
2357	2357	1
2358	2357	1
2361	2362	1
2362	2362	1
2362	2364	1
2363	2363	1
2364	2363	1
2519	228	1
2583	2586	1
2583	2614	1
2586	2587	1
2587	2588	1
2588	2589	1
2589	2589	1
2589	2590	1
2590	2592	1
2592	2591	1
2612	2613	1
2613	2586	1
2614	2615	1
2615	2612	1
2615	2615	1
2679	2688	1
2688	2668	1
2703	2802	1
2802	2990	1
2805	2805	1
2811	2805	1
2811	2811	1
2815	2817	1
2817	2817	1
2817	2818	1
2818	2811	1
2818	2818	1
2821	392	1
2822	349	1
2822	2822	1
2823	2822	1
2843	2823	1
2843	2843	1
2848	2850	1
2850	2850	1
2850	2862	1
2862	2662	1
2862	2862	1
2866	2883	1
2883	2822	1
2990	2990	1
2990	4725	1
3205	2668	1
3205	3205	1
3207	3205	1
3207	3207	1
3220	3207	1
3220	3220	1
3223	3220	1
3223	3223	1
3230	3268	1
3231	3230	1
3233	3231	1
3234	3234	1
3234	3236	1
3234	3247	1
3235	3233	1
3236	3235	1
3236	3236	1
3236	3237	1
3237	3223	1
3237	3237	1
3245	3250	1
3247	3245	1
3248	3234	2
3248	3248	1
3249	3248	2
3249	3249	1
3250	3239	1
3251	3249	2
3268	3251	1
3357	3474	1
3359	3359	1
3360	3360	1
3374	5506	1
3378	3378	1
3389	3378	1
3389	3389	1
3391	3396	1
3392	3389	1
3396	3360	1
3396	3396	1
3469	3469	1
3474	3469	1
3474	3474	1
3606	3606	1
3607	3607	1
3607	3611	1
3607	3640	1
3608	3607	1
3610	3607	1
3611	3606	1
3639	3664	1
3648	3649	1
3649	3655	1
3650	3651	1
3651	3660	1
3655	3650	1
3659	3660	1
3660	3660	1
3660	3661	1
3660	3663	1
3661	3662	1
3662	3665	1
3663	3639	1
3663	3659	1
3664	3664	1
3664	3666	2
3665	3664	1
3666	3666	1
3666	3667	2
3667	3610	1
3667	3667	1
3667	3668	1
3668	3669	1
3669	3670	1
3670	3641	1
3670	3670	1
3818	3818	1
3839	3818	1
3839	3839	1
3857	5501	1
3955	6090	1
3983	6217	1
4100	4100	1
4137	5808	1
4178	3993	1
4178	4929	1
4201	4604	1
4338	5859	1
4339	4338	1
4340	4344	1
4341	5514	1
4344	5845	1
4345	6955	1
4349	4349	1
4402	4412	1
4412	4349	1
4419	7028	1
4499	4498	1
4504	4504	1
4504	4603	1
4512	4499	1
4516	4543	1
4521	4521	1
4522	4522	1
4522	4532	1
4522	4555	1
4525	4526	1
4526	4522	1
4527	4522	1
4529	4529	1
4529	4530	1
4530	4525	1
4530	4530	1
4531	4529	1
4531	4531	1
4532	4532	1
4541	4551	1
4542	4516	1
4543	4543	1
4543	4544	1
4544	4527	1
4551	4521	1
4551	4551	1
4553	4553	1
4553	4569	1
4555	4570	1
4559	4512	1
4559	4559	1
4564	4565	1
4565	4559	1
4570	4553	1
4570	4570	1
4603	4564	1
4603	4603	1
4611	4531	1
4634	1790	1
4634	4634	1
4634	6899	1
4653	4722	1
4662	4653	1
4663	4663	1
4663	4668	1
4667	4662	1
4667	4667	1
4668	4666	1
4668	4668	1
4672	4667	1
4679	3362	1
4679	4604	1
4722	4663	1
4722	4722	1
4725	4679	1
4725	4725	1
4762	4764	1
4764	4764	1
4770	4771	1
4771	4771	1
4771	4776	1
4776	4776	1
4806	4806	1
4854	4762	1
4855	4854	1
4857	4858	1
4858	4858	1
4858	4860	1
4859	4855	1
4859	4859	1
4860	4859	1
4861	4857	1
4861	4861	1
4862	4861	1
4863	4862	1
4863	4863	1
4866	4863	1
4929	6499	1
4951	4951	1
4951	4953	1
4951	4961	1
4952	4951	1
4953	4953	1
4953	4963	1
4955	4958	1
4957	4960	1
4958	4957	1
4960	4962	1
4961	4961	1
4961	4979	1
4962	4951	1
4962	4952	1
4963	4975	1
4966	4955	1
4966	4966	1
4967	4966	1
4975	4975	1
4975	4977	1
4977	4976	1
4979	5082	1
5054	5054	1
5054	5057	1
5057	5057	1
5082	5054	1
5112	5113	1
5113	5113	1
5127	5131	1
5131	5501	1
5144	5144	1
5144	5145	1
5145	5145	1
5146	5144	1
5146	5146	1
5157	5163	1
5160	5160	1
5160	5165	1
5161	5160	1
5161	5161	1
5162	5162	1
5162	5166	1
5163	5162	1
5163	5163	1
5165	5146	1
5165	5165	1
5166	5161	1
5166	5166	1
5172	5112	1
5172	5172	1
5173	5172	1
5173	5173	1
5203	5173	1
5280	5278	1
5293	5294	1
5294	5280	1
5326	4634	1
5360	5360	1
5360	5501	1
5361	5360	1
5369	5369	1
5369	5370	1
5370	5370	1
5370	5372	1
5372	5372	1
5372	5397	1
5395	5395	1
5395	5396	1
5396	5396	1
5396	5401	1
5397	5397	1
5401	5401	1
5459	5523	1
5501	3359	1
5501	3839	1
5501	5253	1
5501	7378	1
5505	5507	1
5506	5506	2
5506	5512	1
5506	5521	1
5507	5507	1
5507	5508	1
5508	5506	1
5508	5508	1
5512	5512	1
5514	4504	1
5521	5521	1
5523	4604	1
5523	5523	1
5663	5395	1
5663	5666	1
5666	5369	1
5666	5666	1
5687	5687	1
5688	5687	1
5731	5501	1
5772	5775	1
5775	5775	1
5775	5794	1
5778	5778	1
5778	5780	1
5780	5780	1
5794	4178	1
5808	5808	1
5810	5778	1
5812	4178	1
5823	5823	1
5823	5855	1
5828	5828	1
5830	4341	1
5830	5830	1
5844	4419	1
5844	5844	1
5845	5844	1
5852	5852	1
5852	5854	1
5854	5854	1
5855	5852	1
5855	5855	1
5858	5823	1
5859	5860	1
5860	5830	1
5985	5985	1
5985	5988	1
5987	5985	1
5988	5988	1
5988	5989	1
5989	5989	1
5989	6042	1
6017	6017	1
6021	6028	1
6022	6021	1
6022	6022	1
6026	6031	1
6028	6023	1
6028	6028	1
6031	6031	1
6031	6032	1
6032	6032	1
6032	6037	1
6033	6017	1
6033	6033	1
6037	4201	1
6037	6037	1
6042	6043	1
6043	6043	1
6083	6033	1
6090	6090	1
6104	6120	1
6120	6120	1
6120	6123	1
6121	6121	1
6121	6124	1
6122	6121	1
6122	6122	1
6123	6122	1
6123	6123	1
6124	4100	1
6126	6126	1
6150	6022	1
6150	6150	1
6157	6202	1
6167	6168	1
6168	6168	1
6168	6169	1
6169	6169	1
6177	6201	1
6185	6126	1
6185	6185	1
6193	6185	1
6201	4178	1
6201	6201	1
6202	6202	1
6202	6203	1
6203	4604	1
6203	6203	1
6217	6150	1
6217	6217	1
6380	6480	1
6480	6491	1
6491	6491	1
6491	6492	1
6492	6492	1
6492	6502	1
6498	5501	1
6498	6498	1
6499	6499	1
6502	5293	1
6513	6498	1
6523	6523	1
6523	6534	1
6524	4806	1
6531	6523	1
6534	6524	1
6737	6741	1
6740	6740	2
6740	6748	1
6741	6740	2
6741	6741	2
6742	6741	1
6748	6748	1
6748	6751	1
6751	6708	1
6751	6751	1
6768	6771	1
6769	6769	1
6770	6769	1
6770	6770	2
6771	6770	2
6771	6771	1
6783	6783	1
6784	6825	1
6825	6783	1
6825	6825	2
6860	6825	1
6860	6860	1
6861	6860	1
6871	1580	1
6879	5514	1
6899	6899	1
6914	6871	1
6914	6914	1
6917	6914	1
6920	6920	1
6923	6923	1
6923	6925	1
6924	6923	1
6925	6879	1
6925	6925	1
6951	6976	1
6952	4634	1
6952	6952	1
6959	6952	1
6976	5514	1
6976	6976	1
6995	7023	1
6998	6995	1
7023	6951	1
7028	5828	1
7028	7028	1
7039	7350	1
7045	7356	1
7051	7051	1
7054	7051	1
7054	7054	1
7055	7054	1
7089	7089	1
7089	99999933	1
7171	7089	1
7203	7203	2
7203	7206	1
7203	7225	1
7204	7203	1
7206	7207	1
7207	7207	1
7207	7208	1
7208	7204	1
7208	7208	1
7211	7203	1
7212	7213	1
7213	7211	1
7213	7213	1
7214	7212	1
7216	7214	1
7220	7216	1
7220	7220	1
7221	7220	1
7239	99999923	1
7246	7246	1
7247	7246	1
7248	7248	1
7249	7248	1
7253	7253	1
7253	7254	1
7254	7254	1
7255	7253	1
7265	7249	1
7265	7265	1
7266	7265	1
7287	6920	1
7303	7303	1
7303	7306	1
7304	7303	1
7306	7307	1
7307	6955	1
7307	7307	1
7308	7308	1
7308	7342	1
7310	7312	1
7312	7312	1
7316	7317	1
7317	7317	1
7318	7319	1
7319	7319	1
7319	99999917	1
7342	7342	1
7342	7345	1
7343	7308	1
7345	7345	1
7350	7350	1
7356	7356	1
7356	7358	1
7358	7358	1
7358	7397	1
7378	7378	1
7394	7395	1
7395	7395	1
7397	7397	1
