ORIG	DEST	N_TOT
43	43	1
43	5514	1
49	49	1
49	51	1
50	43	1
51	50	1
64	49	1
64	64	1
65	64	1
85	85	1
85	86	1
86	86	1
86	87	1
87	87	1
87	88	1
88	88	1
122	979	1
130	130	1
147	151	1
151	151	1
186	194	1
189	189	1
192	192	1
192	193	1
193	189	1
193	193	1
194	192	1
198	198	1
198	558	1
199	246	1
208	208	1
208	565	1
223	979	1
245	198	1
245	245	1
246	557	1
250	245	1
270	270	1
313	314	1
314	314	1
314	317	1
315	315	1
315	318	1
317	315	1
317	317	1
318	318	1
318	332	1
327	327	1
331	331	1
332	331	1
332	332	1
332	2620	1
338	339	1
339	327	1
339	339	1
376	376	1
379	379	1
379	380	1
380	376	1
380	380	1
390	379	1
390	390	1
403	403	1
406	403	1
406	406	1
407	406	1
407	407	1
409	407	1
409	409	1
413	4137	1
492	500	1
500	500	1
500	3362	1
509	510	1
510	510	1
557	208	1
557	557	1
558	199	1
558	558	1
559	4604	1
565	565	1
583	85	1
583	583	1
584	583	1
678	678	1
678	681	1
679	788	1
680	679	1
681	680	1
691	979	1
718	718	1
718	725	1
720	413	1
720	720	2
720	2668	1
722	723	1
723	724	1
724	718	1
725	731	1
727	728	1
728	734	1
729	720	1
729	729	1
731	731	1
731	732	1
732	729	1
732	732	1
733	727	1
734	744	1
738	720	1
744	755	1
755	755	1
755	757	1
757	758	1
758	762	1
762	811	1
787	787	1
787	790	1
788	787	1
790	790	1
840	841	1
841	678	1
842	843	1
843	844	1
844	846	1
846	840	1
860	860	1
861	860	1
861	861	1
863	861	1
959	959	1
960	960	1
960	961	1
961	959	1
961	961	1
969	960	1
986	988	1
987	1000	1
988	987	1
988	988	1
991	991	1
995	991	1
995	995	1
999	999	1
999	1001	1
1000	999	1
1000	1000	1
1001	995	1
1008	130	1
1044	270	1
1054	1064	1
1064	1064	1
1071	1071	1
1072	1071	1
1072	1072	1
1077	1072	1
1077	1077	1
1078	1077	1
1234	1234	1
1234	1235	1
1234	1262	1
1235	1236	1
1236	1232	1
1236	1234	1
1255	1255	1
1255	1308	1
1262	1255	1
1262	1262	1
1270	1234	1
1286	1270	1
1288	1300	1
1298	1288	1
1300	1286	1
1308	1308	1
1308	1310	1
1310	1313	1
1374	1470	1
1447	1447	1
1452	1452	1
1452	1461	1
1453	1454	1
1454	1455	1
1455	1447	1
1456	1453	1
1461	1456	1
1462	1452	1
1463	1462	1
1470	1463	1
1788	2084	1
1793	1801	1
1795	1795	1
1799	1795	1
1799	1799	1
1801	1799	1
1818	2002	1
2002	2002	1
2002	2003	1
2003	1788	1
2084	4604	1
2133	2133	1
2133	2140	1
2137	2137	1
2138	2137	1
2138	2138	1
2140	2138	1
2140	2140	1
2141	2133	1
2141	2141	1
2150	2141	1
2156	2150	1
2181	2190	1
2187	2187	1
2187	2188	1
2188	2188	1
2188	2195	1
2189	2187	1
2189	2189	1
2190	2189	1
2191	2191	1
2191	2193	1
2192	2191	1
2193	2193	1
2193	2194	1
2194	2181	1
2251	2252	1
2252	5606	1
2356	2481	1
2379	2379	1
2481	2481	1
2481	2501	1
2501	2379	1
2501	2501	1
2584	2584	1
2584	2608	1
2585	2584	1
2586	2587	1
2587	2585	1
2591	2608	1
2593	2594	1
2593	2595	1
2594	2595	1
2595	2610	1
2596	2596	1
2596	2597	1
2597	2593	2
2600	2622	1
2605	2596	1
2608	2600	1
2608	2605	1
2610	2597	1
2610	2610	1
2620	2610	1
2622	2623	1
2623	332	1
2668	3460	1
2668	3502	1
2803	2803	1
2803	2804	1
2804	409	1
2804	2804	1
2805	2803	1
2821	390	1
2821	2821	1
2822	2821	1
3207	3207	1
3207	3221	1
3211	3209	1
3214	3215	1
3215	3217	1
3217	3211	1
3220	3207	1
3221	3221	1
3221	3222	1
3222	3238	1
3223	3229	1
3225	3225	1
3225	3235	1
3229	3214	1
3235	3246	1
3238	3223	1
3238	3225	1
3238	3238	1
3239	3241	1
3241	3238	1
3246	3247	1
3247	3247	1
3359	3501	1
3360	2668	1
3362	5663	1
3362	5784	1
3378	3446	1
3444	3444	1
3446	3444	1
3446	3446	1
3455	3455	1
3460	3455	1
3460	3460	1
3469	2668	1
3501	3501	1
3502	3502	1
3591	3592	1
3592	4137	1
3595	3591	1
3595	3595	1
3597	3603	1
3598	3599	1
3599	3597	1
3601	3598	1
3603	3595	1
3606	3601	1
3639	3639	1
3639	3664	1
3640	3639	1
3641	6478	1
3664	3664	1
3818	3820	1
3819	3819	1
3819	3832	1
3820	3819	1
3820	3820	1
3830	3830	1
3831	3830	1
3831	3831	1
3832	3831	1
3975	3975	1
3978	3975	1
3978	3978	1
3993	3978	1
4002	3967	1
4003	4002	1
4003	4003	1
4100	6101	1
4178	6053	1
4178	6190	1
4201	6104	1
4347	4347	1
4349	4352	1
4352	4347	1
4352	4352	1
4417	4417	1
4463	4482	1
4467	4467	1
4467	4483	1
4468	4473	1
4470	4470	1
4471	4470	1
4471	4471	1
4472	4471	1
4473	4472	1
4482	4494	1
4483	4463	1
4494	4497	1
4497	4468	1
4498	4511	1
4511	4467	1
4511	4511	1
4516	4516	1
4519	2251	1
4521	4544	1
4528	4528	1
4528	4549	1
4532	4528	1
4542	4516	1
4542	4542	1
4544	4544	1
4545	4542	1
4545	4545	1
4546	4545	1
4546	4546	1
4549	4546	1
4552	4519	1
4569	4552	1
4604	5050	1
4604	6240	1
4629	5960	1
4634	4629	1
4660	4660	1
4660	5085	1
4664	4660	1
4664	4664	1
4665	4664	1
4666	4716	1
4715	4665	1
4716	4715	1
4716	4716	1
4763	4765	1
4764	4763	1
4765	4765	1
4765	4766	1
4766	4766	1
4766	4767	1
4767	4767	1
4767	4774	1
4769	4769	1
4774	4769	1
4774	4774	1
4776	4178	1
4806	6539	1
4976	4989	1
4982	4983	1
4983	4984	1
4984	4986	1
4985	4985	1
4985	4996	1
4986	4985	1
4989	4990	1
4990	4982	1
4996	4996	1
4996	4997	1
4997	4997	1
4997	4998	1
4998	4998	1
5050	5050	1
5050	5051	1
5051	5052	1
5052	5052	1
5055	5056	1
5056	5056	1
5056	5058	1
5057	5055	1
5058	5058	1
5058	5059	1
5059	5059	1
5059	5062	1
5060	5060	1
5062	5062	1
5062	5063	1
5063	5060	1
5063	5063	1
5085	3362	1
5085	5085	1
5113	5117	1
5116	5116	1
5117	5116	1
5117	5117	1
5138	5138	1
5138	5155	1
5139	5138	1
5139	5139	1
5140	5139	1
5140	5140	1
5145	5147	1
5147	5140	1
5147	5147	1
5155	5185	1
5185	5185	1
5253	5672	1
5254	5295	1
5263	5254	1
5266	6507	1
5270	5263	1
5273	5266	1
5278	5273	1
5295	4713	1
5394	5394	1
5394	5396	1
5396	5396	1
5396	5401	1
5397	5394	1
5400	5400	2
5400	5402	1
5401	5400	1
5401	5401	1
5401	5402	1
5402	5402	2
5402	5403	2
5403	5403	1
5403	5404	1
5404	5400	1
5404	5404	1
5512	5596	1
5521	5528	1
5527	5527	1
5528	5527	1
5528	5528	1
5548	5548	1
5548	5592	1
5551	5552	1
5552	5552	1
5592	5594	1
5594	5551	1
5594	5594	1
5596	5548	1
5606	4137	1
5656	5656	1
5663	5656	1
5663	5663	1
5672	5672	1
5686	5686	1
5686	5689	1
5687	5686	1
5689	5721	1
5721	5721	1
5751	5751	1
5751	5754	1
5752	5751	1
5752	5752	1
5754	5754	1
5760	5760	1
5760	5763	1
5761	5761	1
5761	5770	1
5762	5752	1
5762	5762	1
5763	5762	1
5770	5760	1
5770	5770	1
5780	4178	1
5781	5839	1
5784	5784	1
5808	5761	1
5828	5514	1
5839	5839	1
5840	5840	1
5840	5841	1
5841	5781	1
5841	5841	1
5854	5862	1
5862	5840	1
5862	5862	1
5960	5960	1
5960	5967	1
5967	5967	1
6014	6014	1
6015	6015	1
6015	6018	1
6016	6015	1
6016	6016	1
6017	6016	1
6018	6014	1
6018	6018	1
6023	6029	1
6029	6029	1
6029	7080	1
6043	6044	1
6044	6044	1
6044	6045	1
6045	6045	1
6045	6046	1
6046	6046	1
6046	6069	1
6053	4417	1
6053	6053	1
6068	6068	1
6069	6068	1
6069	6069	1
6088	6088	1
6088	7029	1
6090	6104	1
6094	6088	1
6094	6094	2
6101	6094	1
6101	6101	1
6104	3362	1
6104	6094	1
6104	6104	1
6126	5501	1
6128	6190	1
6169	6172	1
6172	6172	1
6188	6188	1
6188	6189	1
6189	6189	1
6190	6188	1
6190	6190	2
6201	5501	1
6210	6210	1
6240	6210	1
6478	3362	1
6478	6478	1
6499	6538	1
6507	5270	1
6538	6538	1
6539	5501	1
6539	6539	1
6708	6750	1
6738	6742	1
6739	6738	1
6739	6739	2
6739	6743	1
6740	6739	1
6742	6742	1
6742	6744	1
6743	6743	1
6743	6746	1
6746	6746	1
6746	6747	1
6747	6747	1
6750	6739	1
6750	6750	1
6750	6809	1
6756	6759	1
6759	6759	1
6759	6768	1
6763	6763	1
6768	6768	1
6769	6773	1
6770	6763	1
6772	6772	1
6772	6780	1
6773	6772	1
6773	6773	1
6780	6780	1
6809	6809	1
6819	6819	1
6825	99999923	1
6851	6852	1
6852	6852	1
6871	6851	1
6881	6881	1
6881	6897	1
6897	6897	1
6899	6900	1
6900	6881	1
6920	6961	1
6923	6939	1
6939	6939	1
6948	6948	1
6955	6948	1
6961	6961	1
6966	4629	1
6966	6966	1
7029	7029	1
7034	7036	1
7036	7036	1
7038	7038	1
7051	7379	1
7055	7399	1
7080	4003	1
7080	7080	1
7089	7089	1
7183	7183	1
7197	7202	1
7201	7183	1
7201	7201	1
7202	7201	1
7207	7208	1
7208	7197	1
7208	7208	1
7224	7224	1
7224	7229	1
7225	7226	1
7226	7224	1
7226	7226	1
7229	7229	1
7229	7232	1
7232	7233	1
7233	7233	1
7246	7253	1
7248	99999923	1
7290	6966	1
7312	7321	1
7315	99999917	1
7317	7318	1
7318	7318	1
7321	7321	1
7345	7349	1
7349	7038	1
7349	7349	1
7350	4137	1
7359	7359	1
7360	7359	1
7366	7366	2
7366	7367	1
7366	7375	1
7367	7367	1
7375	7375	1
7379	7379	1
7379	7380	1
7380	7380	1
7397	7398	1
7398	3841	1
7398	7398	1
7399	7089	1
99999923	6819	1
