ORIG	DEST	N_TOT
4	4	1
4	6	1
5	4	1
5	5	1
5	6	1
6	6	1
6	7	1
7	7	1
7	13	1
11	5	1
11	11	1
12	11	1
12	12	1
13	13	1
14	17	1
17	12	1
17	17	1
23	26	1
26	29	1
28	39	1
29	29	1
29	57	1
31	31	1
31	33	1
33	35	1
34	34	1
34	59	1
35	23	1
37	37	1
37	57	1
39	41	1
40	40	1
40	46	1
41	40	1
42	37	1
44	44	1
46	46	1
46	55	1
47	44	1
48	47	1
48	48	1
55	48	1
55	55	1
56	61	1
57	34	1
57	57	2
58	56	1
58	58	1
59	58	1
61	61	1
61	63	1
63	63	1
65	68	1
68	68	1
68	71	1
71	71	1
71	73	1
72	72	1
73	73	1
73	75	1
75	75	1
76	31	1
76	76	1
80	81	1
81	76	1
82	82	1
82	83	1
83	80	1
83	83	1
87	87	1
87	166	1
89	90	1
90	82	1
97	159	1
98	98	1
98	160	1
99	99	1
99	101	1
101	101	1
101	102	1
102	98	1
102	102	1
114	114	1
114	1466	1
115	114	1
130	130	1
130	132	1
131	99	1
132	132	1
136	136	1
137	136	1
139	1434	1
141	142	1
142	142	1
142	143	1
143	130	1
143	143	1
143	146	1
144	144	1
144	145	1
145	145	1
145	146	1
146	146	2
146	147	2
147	143	1
147	147	2
149	149	1
151	149	1
152	152	1
154	152	1
156	156	1
157	157	1
157	158	2
158	144	1
158	156	1
159	159	1
159	162	1
160	97	1
160	160	1
161	161	1
162	161	1
162	162	1
166	166	1
167	580	1
171	171	1
171	174	1
173	173	1
174	173	1
174	174	1
184	184	2
190	190	1
192	192	1
192	195	1
194	190	1
195	184	1
195	195	1
199	200	1
200	184	1
200	200	1
208	243	1
230	2505	1
243	243	1
243	262	1
252	252	1
257	298	1
262	262	1
272	273	1
273	273	1
274	274	1
274	275	1
274	277	1
275	274	1
275	277	1
276	276	1
276	287	1
277	277	2
277	278	1
278	279	1
279	279	1
279	282	1
280	258	1
280	280	1
281	280	1
281	281	1
282	282	1
282	283	1
283	281	1
283	283	1
285	285	2
286	285	1
287	287	1
287	289	1
288	288	1
288	290	1
289	288	1
289	289	1
290	291	1
291	291	1
291	292	1
292	293	1
293	293	1
298	303	1
303	303	1
303	305	1
304	304	1
304	525	1
305	304	1
308	308	1
308	472	1
348	348	1
351	377	1
352	354	1
354	370	1
360	360	1
361	362	1
362	362	1
362	363	1
363	363	1
370	372	1
372	374	1
374	351	1
375	381	1
375	382	1
377	377	1
377	381	1
378	382	1
381	348	1
381	375	1
381	381	2
382	375	1
382	380	1
382	382	1
383	384	1
384	378	1
384	384	1
396	398	1
397	397	1
398	397	1
398	398	1
408	408	1
411	413	1
413	413	1
413	2830	1
420	420	1
420	421	1
421	421	1
424	424	1
424	436	1
425	424	1
425	425	1
436	464	1
437	425	1
439	439	1
439	442	1
440	439	1
442	442	1
451	453	1
453	453	1
456	456	1
456	487	1
464	464	1
464	465	1
465	465	1
471	3362	1
472	472	1
480	482	1
482	483	1
483	483	1
483	484	1
484	484	1
484	486	1
485	485	1
485	486	1
486	485	1
486	486	2
487	695	1
487	979	1
489	456	1
492	489	1
495	495	2
495	496	1
496	492	1
497	498	1
498	499	1
499	495	1
503	495	1
503	503	1
506	517	1
507	507	1
509	509	1
510	509	1
510	510	1
511	640	1
513	507	1
514	510	1
514	514	1
515	514	1
515	515	1
516	515	1
517	517	1
523	523	1
525	525	1
525	527	1
526	526	1
527	523	1
527	527	1
528	533	1
533	533	1
533	536	1
536	536	1
536	551	1
551	526	1
551	551	1
571	157	1
573	575	1
574	574	1
574	577	1
575	574	1
575	575	1
577	171	1
579	579	1
579	582	1
580	580	1
580	581	2
581	581	2
581	582	1
581	583	1
582	87	1
582	582	1
583	579	1
589	613	1
592	610	1
595	595	1
603	571	1
605	979	1
606	603	1
606	606	1
610	606	1
610	979	1
613	613	1
613	628	1
625	625	1
626	626	1
626	627	2
627	627	3
627	628	2
627	631	1
628	627	1
628	628	4
628	635	1
629	595	1
630	630	1
631	631	1
631	632	1
632	633	1
633	629	1
633	630	1
633	633	2
635	633	1
635	635	1
639	639	1
639	643	1
640	639	1
640	640	1
642	642	1
643	642	1
643	643	1
655	626	1
659	625	1
664	664	1
665	664	1
678	679	1
679	679	1
679	686	1
686	686	1
695	698	1
698	699	1
700	487	1
702	698	1
704	702	1
706	704	1
713	714	1
714	714	1
714	715	1
715	715	1
715	716	1
716	716	1
719	719	1
727	727	1
727	733	1
728	727	1
728	728	1
733	733	1
737	728	1
739	706	1
739	739	1
740	740	1
740	775	1
741	740	1
742	743	1
743	768	1
754	755	1
755	742	1
768	769	1
775	775	1
775	777	1
777	739	1
798	798	1
801	798	1
801	801	1
802	801	1
802	802	1
811	741	1
813	813	1
813	4604	1
815	813	1
817	802	1
817	817	1
819	817	1
868	886	1
875	875	1
884	920	1
886	886	1
890	906	1
906	906	1
910	910	1
910	911	1
911	911	1
911	912	1
912	912	1
912	913	1
913	913	1
920	920	1
927	72	1
934	910	1
942	944	1
944	944	1
944	976	1
945	970	1
954	954	1
954	1896	1
955	954	1
956	955	1
956	956	1
963	963	1
963	967	1
964	963	1
964	967	1
964	1411	1
966	964	1
967	956	1
967	990	1
968	997	1
970	970	1
970	973	1
972	945	1
972	972	1
973	973	1
976	977	1
977	978	1
978	978	1
978	3362	1
979	192	1
979	628	1
979	875	1
979	1363	1
990	972	1
990	990	1
997	997	1
997	998	1
998	998	1
998	2704	1
1008	1010	1
1009	1012	1
1010	1036	1
1012	1008	1
1028	1028	1
1028	1029	1
1029	1029	1
1036	1036	1
1036	1416	1
1036	3362	1
1044	285	1
1044	308	1
1044	503	1
1050	1050	1
1053	1050	1
1058	1062	1
1059	1059	1
1062	1063	1
1063	1064	1
1064	1065	1
1065	1065	1
1065	1070	1
1069	1068	1
1070	1069	1
1081	1059	1
1081	1081	1
1191	1193	1
1192	1191	1
1193	1194	1
1194	1195	1
1195	1197	1
1197	1198	1
1198	1199	1
1199	1199	1
1199	1200	1
1200	1201	1
1201	1201	1
1201	1203	1
1204	1204	1
1204	1217	1
1205	1204	1
1206	1211	1
1211	1205	1
1214	1192	1
1217	1217	1
1217	6856	1
1234	1255	1
1240	1251	1
1249	1240	1
1249	1249	1
1250	1249	1
1252	1250	1
1255	1262	1
1256	1252	1
1257	1260	1
1259	1257	1
1260	1256	1
1260	1260	1
1261	1259	1
1262	1261	1
1277	1283	1
1283	1300	1
1284	1288	1
1286	1277	1
1288	1288	1
1288	1298	1
1296	1297	1
1297	1297	1
1298	1299	1
1299	1301	1
1300	1284	1
1301	1296	1
1351	1351	1
1355	1355	1
1355	6868	2
1357	1358	1
1358	1359	1
1359	1355	1
1363	1363	1
1370	1505	1
1371	1373	1
1373	1373	1
1373	1484	1
1384	1370	1
1385	1384	1
1401	1401	1
1401	1405	1
1401	1460	1
1402	1401	1
1402	1402	1
1405	1402	1
1405	1405	1
1405	1406	1
1406	1406	1
1407	1407	1
1409	1410	1
1410	1413	1
1411	1409	1
1413	1414	1
1414	1036	1
1416	2509	1
1421	1421	1
1423	1421	1
1423	1423	1
1424	1424	1
1424	1428	1
1425	1425	1
1427	1424	1
1428	1423	1
1428	1428	1
1432	1441	1
1434	1441	1
1441	1441	2
1441	1442	1
1441	1446	1
1442	1442	1
1442	1443	1
1443	1425	1
1443	1443	1
1446	1008	1
1446	1446	2
1446	1447	1
1447	1407	1
1447	1447	1
1448	1446	1
1450	1453	1
1451	979	1
1452	1450	1
1452	1452	1
1453	1453	1
1453	1454	1
1453	4604	1
1454	1454	2
1454	1455	1
1454	1456	1
1455	1455	1
1456	1454	1
1456	1456	2
1456	1461	1
1458	1458	1
1458	1460	1
1458	1461	1
1460	1458	1
1460	1460	1
1461	1456	1
1461	1458	1
1461	1461	1
1463	1464	1
1464	1465	1
1465	1452	1
1465	1465	1
1466	1466	1
1466	1474	1
1468	1473	1
1471	1466	1
1472	115	1
1473	1472	1
1473	1473	2
1473	1477	1
1475	1475	1
1475	1476	1
1476	1473	1
1476	1476	2
1477	1475	1
1477	1477	1
1480	1351	1
1480	1480	1
1484	1484	1
1490	1480	1
1495	1496	1
1496	1476	1
1496	1496	1
1498	1498	1
1503	1509	1
1505	1506	1
1506	1503	1
1509	1509	1
1509	1510	1
1510	1512	1
1512	1515	1
1515	1498	1
1557	1558	1
1558	1558	1
1558	1559	1
1559	1559	1
1559	1560	1
1560	1560	1
1574	1575	1
1575	1575	1
1575	1584	1
1584	1584	1
1592	1954	1
1610	1610	1
1610	1611	1
1611	1611	1
1611	3362	1
1619	1619	1
1619	1629	1
1620	1619	1
1621	1620	1
1621	1621	1
1622	1621	1
1622	1622	1
1623	1622	1
1623	1623	1
1625	1623	1
1625	1625	1
1625	1637	1
1626	1625	1
1626	1626	1
1627	1626	1
1627	1627	1
1628	1627	1
1629	1629	1
1634	1634	1
1634	1685	1
1635	1634	1
1637	1610	1
1637	1637	1
1658	1666	1
1660	1663	1
1661	1661	1
1663	1663	1
1663	1664	1
1664	1661	1
1665	1665	1
1666	1656	1
1679	1696	1
1681	1681	1
1681	1694	1
1685	1625	1
1688	1689	1
1689	1689	1
1691	1688	1
1691	1691	1
1692	1691	1
1694	1694	1
1694	1695	1
1695	1692	1
1695	1695	1
1696	1681	1
1696	1696	1
1709	1709	1
1721	1721	1
1721	1949	1
1732	1732	1
1732	1733	1
1733	1733	1
1733	1735	1
1734	1734	1
1735	1734	1
1735	1735	1
1740	1721	1
1743	1844	1
1746	1797	1
1747	4593	1
1751	1751	1
1751	1770	1
1752	1747	1
1757	1763	1
1758	1757	1
1759	1758	1
1760	1759	1
1761	1762	1
1762	1762	1
1762	1763	1
1763	1760	1
1763	1763	1
1763	3362	1
1765	1761	1
1765	1765	1
1770	1770	1
1773	1751	1
1778	1778	1
1779	1765	1
1782	1783	1
1783	1783	2
1783	1784	1
1784	1783	1
1784	1784	1
1784	1785	1
1785	1785	1
1786	1784	1
1788	1788	1
1788	4479	1
1790	1788	1
1790	1790	1
1791	1786	1
1791	1791	1
1792	1791	1
1792	1792	1
1793	1790	1
1795	1778	1
1796	1796	2
1796	1798	1
1796	1799	1
1797	1796	2
1797	1797	1
1798	1820	1
1799	1799	1
1799	1800	1
1800	1792	1
1800	1795	1
1800	1800	1
1820	1820	1
1820	1821	1
1821	1800	1
1821	1821	1
1824	1824	1
1844	1824	1
1844	1844	1
1879	1779	1
1884	1885	2
1885	1885	1
1885	1887	1
1887	1887	1
1889	1879	1
1894	1921	1
1896	1884	1
1902	1357	1
1903	1903	1
1903	1906	1
1904	1905	1
1905	1903	1
1906	1907	1
1907	1907	1
1907	1908	1
1908	1908	1
1908	1909	1
1909	1909	1
1909	1910	1
1909	1946	1
1910	1910	1
1914	1914	1
1914	1915	1
1915	1904	1
1915	1915	1
1919	1914	1
1920	1920	1
1921	1921	1
1921	1922	1
1922	1922	1
1922	1923	1
1923	1923	1
1923	1925	1
1925	1925	1
1928	1920	1
1929	1928	1
1930	1929	1
1930	1930	1
1931	1931	1
1931	1932	1
1932	1930	1
1932	1932	1
1941	1941	1
1941	1952	1
1942	1941	1
1943	1931	1
1943	1943	1
1945	1943	1
1945	1945	1
1946	1949	1
1948	1592	1
1949	1557	1
1949	1948	1
1949	1949	1
1952	1732	1
1952	1952	1
1954	1709	1
1954	1954	1
1954	1962	1
1955	1954	1
1955	1955	1
1962	1658	1
1963	1965	1
1964	1955	1
1964	1964	1
1965	1964	1
1965	1965	1
2004	2068	1
2005	1028	1
2005	2005	1
2006	2005	1
2053	2054	1
2054	2054	1
2054	2056	1
2056	2056	1
2056	2057	1
2057	2057	1
2065	2060	1
2068	2065	1
2068	2068	1
2071	2148	1
2077	2079	1
2078	2077	1
2078	2078	1
2079	2068	1
2079	2079	1
2080	2078	1
2083	2080	1
2091	2099	1
2099	2099	1
2108	2111	1
2111	2111	1
2119	2479	1
2121	2108	1
2121	2121	1
2137	2140	1
2140	2140	1
2140	2144	1
2144	2144	1
2144	2145	1
2145	2121	1
2145	2145	1
2146	2146	1
2146	2147	1
2147	2147	1
2147	2155	1
2148	2146	1
2148	2148	1
2150	2083	1
2155	2155	1
2174	2200	1
2177	2178	1
2178	979	1
2178	2178	1
2185	2185	1
2198	2199	1
2199	2199	1
2199	2201	1
2200	2198	1
2200	2200	1
2201	2203	1
2203	2185	1
2281	2281	2
2281	2668	1
2284	2284	1
2287	2287	1
2287	2292	1
2289	2287	1
2289	2289	1
2290	2289	1
2290	2291	1
2291	2281	1
2291	2284	1
2291	2291	2
2292	2291	1
2296	2296	1
2303	2317	1
2305	2305	2
2305	2555	1
2307	2305	1
2308	1058	1
2311	2312	1
2312	2312	1
2312	2552	1
2314	2305	1
2317	2314	1
2340	2341	1
2341	2341	1
2341	2343	1
2343	2343	1
2343	2344	1
2344	2344	1
2352	2378	1
2368	2407	1
2370	2368	1
2373	2373	1
2378	2378	1
2378	2380	1
2380	2380	1
2380	2383	1
2383	2373	1
2383	2383	1
2386	2395	1
2389	2389	1
2390	2281	1
2390	2391	1
2391	2296	1
2391	2391	1
2395	2710	1
2397	2398	1
2398	2398	1
2398	2403	1
2401	2401	2
2403	2403	1
2403	2433	1
2407	2407	1
2407	2662	1
2416	2421	1
2421	2421	1
2422	2447	1
2424	2441	1
2433	2433	1
2433	2435	1
2434	2401	1
2434	2434	1
2435	2434	1
2435	2435	1
2438	2438	1
2438	2439	1
2439	2446	1
2441	2442	1
2442	2460	1
2444	2444	1
2444	2445	1
2445	2445	1
2445	2446	1
2446	2424	1
2446	2446	1
2446	2454	1
2447	2447	1
2447	2448	1
2448	2448	1
2448	2449	1
2449	2438	1
2450	2453	1
2452	2444	1
2453	2452	1
2454	2454	1
2457	2457	1
2457	2459	1
2459	2459	2
2460	2457	1
2460	2460	1
2478	2401	1
2479	2479	2
2479	2728	1
2479	5592	1
2503	2308	1
2505	2505	1
2505	2519	1
2509	2509	1
2510	2510	1
2510	2513	1
2513	2513	1
2513	2530	1
2515	230	1
2515	2515	2
2515	2516	1
2516	2523	1
2519	2510	1
2519	2515	1
2521	275	1
2522	2524	1
2523	2522	1
2524	2526	1
2525	2515	1
2526	2521	1
2530	2530	1
2536	1009	1
2538	2539	1
2539	2536	1
2549	2549	1
2552	2549	1
2552	2552	1
2555	1081	1
2591	2541	1
2591	2591	1
2593	2593	1
2593	2595	1
2594	2594	1
2594	2599	1
2595	2594	1
2595	2595	1
2597	2593	1
2599	2591	1
2599	2599	1
2600	2600	1
2600	2603	1
2603	2603	1
2607	2607	1
2607	2612	1
2608	2607	1
2608	2608	1
2609	2608	1
2612	2612	1
2612	2616	1
2613	352	1
2616	2616	1
2620	2600	1
2620	2620	1
2625	276	1
2626	2620	1
2662	360	1
2668	2389	1
2668	2459	1
2668	2668	1
2668	5445	1
2669	2668	1
2677	2690	1
2678	2681	1
2681	2677	1
2681	2681	1
2689	2689	1
2689	2692	1
2690	2690	1
2690	2693	1
2692	2669	1
2692	2692	1
2693	2693	1
2693	2696	1
2696	2689	1
2703	2662	1
2704	4604	1
2710	2715	1
2711	2711	1
2711	2714	1
2712	2712	1
2712	2713	1
2712	2714	1
2713	2712	1
2713	3351	1
2714	2711	1
2714	2712	1
2714	2713	1
2714	2714	2
2715	2717	1
2715	2718	1
2717	2719	1
2718	2719	1
2719	2719	1
2719	2720	1
2719	2722	1
2720	2726	1
2722	2723	1
2722	2725	1
2723	2711	1
2725	2714	1
2726	2722	1
2728	2728	1
2732	2732	1
2732	2774	1
2744	4694	1
2773	2773	1
2773	4669	1
2774	2773	1
2774	2774	1
2775	2732	1
2803	2817	1
2805	2803	1
2810	2805	1
2817	2818	1
2818	408	1
2828	2810	1
2830	2907	1
2831	2831	1
2831	2832	1
2832	2872	1
2847	2846	1
2847	2847	1
2848	2847	1
2848	2848	1
2848	2850	1
2849	2848	1
2849	2849	1
2850	2849	1
2850	2850	1
2850	2857	1
2851	2854	1
2852	2850	1
2852	2852	1
2854	2852	1
2857	2863	1
2859	2828	1
2863	2859	1
2865	2887	1
2866	2870	1
2867	2883	1
2870	2831	1
2872	2915	1
2875	2881	1
2881	2881	1
2881	2885	1
2883	2883	1
2883	2887	1
2884	2884	1
2885	2885	1
2887	2668	1
2887	2887	2
2887	2946	1
2888	2866	1
2905	2905	1
2905	2906	1
2906	2906	1
2907	2905	1
2915	2915	1
2915	3051	1
2920	2920	1
2921	2920	1
2922	2981	1
2924	2944	1
2925	2924	1
2937	2935	1
2937	2937	1
2943	2945	1
2944	2943	1
2944	2944	1
2945	2945	1
2945	2946	1
2946	2946	2
2946	2949	1
2947	2925	1
2949	2937	1
2949	2949	2
2949	2950	1
2950	2884	1
2950	2950	1
2952	2954	1
2953	2947	1
2953	2953	1
2954	2953	1
2967	2949	1
2974	4653	1
2975	2978	1
2978	2974	1
2981	2921	1
2981	2981	1
2985	2985	1
2985	2997	1
2986	2985	1
2994	2992	1
2995	2994	1
2995	2995	1
2996	2995	1
2997	2996	1
3040	3040	1
3040	3041	1
3041	3036	1
3051	3051	1
3058	3082	1
3063	3065	1
3065	3065	1
3065	3067	1
3067	3067	1
3067	3068	1
3068	3068	1
3069	3089	1
3082	3086	1
3086	3087	1
3087	3088	1
3088	3090	1
3089	3089	1
3089	3091	1
3090	3090	1
3090	3094	1
3091	3091	1
3091	3092	1
3092	3090	1
3094	3096	1
3096	3040	1
3105	3058	1
3140	3140	1
3142	3140	1
3171	3181	1
3172	3191	1
3177	3178	1
3178	3186	1
3180	3182	1
3181	3184	1
3182	3182	1
3182	3185	1
3183	3184	1
3183	6603	1
3184	3172	1
3184	3184	1
3184	3262	1
3185	3183	1
3186	3189	1
3187	3187	1
3187	3188	1
3188	3189	1
3189	3183	1
3189	3189	2
3189	6603	1
3191	3198	1
3198	3201	1
3201	3201	1
3201	3202	1
3202	3142	1
3214	3215	1
3215	3215	1
3215	3216	1
3216	3216	1
3216	3229	1
3229	3229	1
3234	3251	1
3251	2668	1
3251	3251	1
3262	754	1
3262	3262	1
3265	3268	1
3268	3268	1
3268	3274	1
3274	3274	1
3274	3294	1
3284	420	1
3284	3284	1
3285	3296	1
3294	2668	1
3294	3294	1
3296	3284	1
3296	3296	1
3351	3351	1
3360	3360	1
3360	3476	1
3362	719	1
3382	3382	1
3382	3393	1
3392	3392	1
3393	3391	1
3393	3393	1
3395	3360	1
3395	3392	1
3395	3395	1
3399	3401	1
3400	3382	1
3401	3401	1
3401	3402	1
3402	3405	1
3405	3405	1
3405	3406	1
3406	3406	1
3413	3414	1
3414	3415	1
3415	3418	1
3415	3430	1
3418	3421	1
3421	3400	1
3421	3421	1
3424	3425	1
3425	3425	1
3425	3426	1
3426	3426	1
3430	3395	1
3430	3430	1
3433	3433	1
3434	3435	1
3435	3433	1
3435	3435	3
3435	3439	1
3439	3439	1
3439	5067	1
3447	2668	1
3453	2668	1
3473	5607	1
3476	3476	1
3476	3478	1
3533	3534	1
3534	3535	1
3535	3535	1
3535	3537	1
3537	3673	1
3540	3540	1
3543	3540	1
3543	3543	1
3546	3543	1
3546	3546	1
3551	3574	1
3554	3546	1
3557	3555	1
3560	3561	1
3561	3561	1
3561	3566	1
3566	3566	1
3566	3567	1
3567	3567	1
3567	3568	1
3568	3568	1
3568	3583	1
3572	3554	1
3574	3574	1
3574	3603	1
3583	3583	1
3599	3613	1
3603	3603	1
3613	3613	1
3613	3614	1
3614	3614	1
3673	3546	1
3708	3362	1
3708	4604	1
3709	3708	1
3711	3709	1
3718	3711	1
3719	3718	1
3720	3721	1
3721	3719	1
3803	3808	1
3803	6450	1
3804	3845	1
3805	3811	1
3808	3809	1
3809	3810	1
3810	3846	1
3811	3804	1
3814	3814	1
3816	3841	1
3817	3816	1
3817	3817	1
3827	3829	1
3829	3830	1
3830	6414	1
3837	4604	1
3838	3817	1
3838	3838	1
3841	3814	1
3845	3803	1
3845	3845	1
3846	3827	1
3849	3837	1
3850	3838	1
3851	6221	1
3855	3856	1
3856	3856	1
3907	6033	1
3911	3912	1
3912	3912	1
3912	7070	1
3915	3915	2
3915	3927	1
3917	3917	1
3917	6034	1
3918	3954	1
3918	3969	1
3919	4604	1
3926	3926	1
3927	3926	1
3929	3915	1
3929	3929	1
3941	3941	1
3941	3946	1
3946	3946	1
3947	3947	1
3947	3948	1
3948	3941	1
3948	3948	1
3951	3947	1
3951	3951	2
3951	3996	1
3952	3951	1
3953	3951	1
3954	3995	1
3955	3929	1
3956	3955	1
3956	4178	1
3969	3907	1
3969	3969	1
3995	3956	1
3996	3929	1
3996	3996	1
3997	3997	1
3997	4000	1
3998	3997	1
4000	4000	1
4053	4053	1
4053	4054	1
4054	4054	1
4054	4062	1
4061	4053	1
4061	4061	1
4062	4062	1
4066	4076	1
4068	4157	1
4073	4073	1
4073	4074	1
4073	4077	1
4074	4073	1
4074	4074	1
4075	4074	1
4076	4077	1
4077	4073	1
4077	4077	1
4077	4079	1
4078	4078	1
4078	4081	1
4079	4078	1
4079	4079	1
4080	4080	1
4081	4081	1
4081	4083	1
4083	4080	1
4083	4083	1
4089	4061	1
4100	4100	1
4100	4113	1
4107	4100	1
4111	4111	1
4111	4114	1
4113	4111	1
4114	4114	1
4114	4115	1
4115	4115	1
4115	4123	1
4122	4122	1
4123	4122	1
4134	4178	1
4137	3435	1
4137	4139	1
4139	4139	1
4139	4140	1
4140	4066	1
4141	4141	1
4141	4144	1
4142	4141	1
4142	4142	1
4143	4142	1
4143	4143	1
4144	4146	1
4146	4146	1
4147	4143	1
4147	4147	1
4148	4147	1
4148	4148	1
4149	4148	1
4149	4149	1
4151	4149	1
4157	4157	1
4157	7042	1
4163	4163	1
4164	4163	1
4164	4164	1
4166	4164	1
4166	4166	1
4167	4167	1
4167	5514	1
4170	4167	1
4178	4166	1
4178	6108	1
4178	6124	1
4202	4202	1
4202	5501	1
4207	4258	1
4210	4211	1
4211	7030	1
4215	4215	1
4215	4216	2
4216	4216	2
4216	4222	1
4217	4215	1
4218	4217	1
4218	4220	1
4219	4230	1
4220	4219	1
4221	4218	1
4221	4221	1
4221	4223	1
4222	4221	2
4222	4222	1
4222	4234	1
4223	4234	1
4224	7026	1
4225	4224	1
4226	4227	1
4227	4227	1
4230	4226	1
4232	4232	1
4233	4232	1
4233	4233	1
4234	4233	1
4234	4234	2
4234	4239	1
4235	4236	1
4236	4222	1
4238	4235	1
4239	4239	1
4240	4240	1
4241	4240	1
4258	4210	1
4258	4258	1
4259	4215	1
4301	4225	1
4301	4301	1
4302	4302	1
4302	4353	1
4302	5514	1
4306	4308	1
4308	4308	1
4308	4312	1
4312	4313	1
4313	4331	1
4315	4315	1
4315	4319	1
4315	4322	1
4317	4315	1
4317	4317	1
4319	4319	1
4319	4321	1
4319	4323	1
4321	4317	1
4321	4321	1
4322	4322	1
4323	4323	1
4325	4326	1
4326	4326	1
4331	4333	1
4332	4325	1
4332	4332	1
4333	4333	1
4333	4335	1
4334	4332	1
4335	4334	1
4335	4335	1
4337	4337	1
4337	4342	1
4339	4339	1
4342	4339	1
4342	4342	1
4347	4350	1
4349	4349	1
4350	4349	1
4350	4350	1
4353	4301	1
4365	4367	1
4367	4367	1
4377	4377	1
4377	4382	1
4378	4383	1
4382	4382	1
4382	4384	1
4383	4377	1
4383	4383	1
4384	4390	1
4387	4386	1
4387	4387	1
4388	4387	1
4388	4388	1
4389	4388	1
4389	4389	1
4390	4389	1
4390	4390	1
4394	4394	1
4395	4207	1
4396	4400	1
4397	4394	1
4397	4395	1
4397	4397	1
4398	4397	1
4400	4397	1
4400	4398	1
4402	4402	1
4402	4412	1
4406	4409	1
4409	4409	1
4409	4410	1
4410	4410	1
4410	4411	1
4411	4402	1
4412	4400	1
4412	4412	1
4416	4416	1
4459	4459	1
4459	4464	1
4460	4459	1
4462	4568	1
4463	4462	1
4465	4483	1
4466	4465	1
4466	4466	1
4467	4466	1
4478	4478	1
4478	4481	1
4479	4479	1
4479	4493	1
4481	4481	1
4483	4463	1
4493	4478	1
4493	4493	1
4495	4496	1
4496	4460	1
4518	4519	1
4519	4519	1
4519	4551	1
4522	4522	1
4522	4525	1
4522	4528	1
4523	4522	1
4525	4525	1
4528	4518	1
4528	4528	2
4541	4495	1
4551	4551	1
4559	4559	1
4564	4564	1
4564	4565	1
4564	5506	1
4565	4564	1
4565	4565	2
4565	4566	1
4566	4559	1
4566	4565	1
4566	4566	1
4568	4541	1
4578	4586	1
4584	4584	1
4586	4584	1
4586	4586	1
4591	4591	1
4591	4634	1
4592	4594	1
4593	4591	1
4594	4594	1
4594	4628	1
4604	252	1
4604	665	1
4604	6125	1
4604	6159	1
4604	7286	1
4608	4528	1
4608	4608	1
4611	4608	1
4628	4628	1
4628	4629	1
4629	4629	1
4629	6923	1
4634	1665	1
4634	1945	1
4634	4634	1
4634	5665	1
4653	4660	1
4660	4722	1
4669	3557	1
4669	4669	1
4670	4674	1
4673	4673	1
4673	4675	1
4674	4673	1
4674	4674	1
4675	2986	1
4679	2970	1
4680	4680	1
4680	4683	1
4681	4680	1
4681	4681	1
4683	4683	1
4686	4681	1
4686	4686	1
4687	4691	1
4688	4689	2
4689	4689	1
4689	4690	2
4690	4687	1
4690	4690	2
4690	4691	1
4691	4691	1
4691	4692	1
4692	4706	1
4693	4693	1
4693	4700	1
4694	4693	1
4694	4694	1
4695	4696	1
4696	4688	1
4698	4998	1
4700	4695	1
4700	4700	1
4705	4706	1
4706	4706	2
4722	4722	1
4722	4725	1
4725	4679	1
4758	4759	1
4759	4759	1
4759	4761	1
4760	4758	1
4761	4761	1
4761	4806	1
4785	4787	1
4787	4787	1
4796	4796	1
4806	4806	1
4862	4862	1
4863	4862	1
4863	4863	1
4866	4866	1
4866	4869	1
4867	4866	1
4867	4867	1
4869	4863	1
4885	4867	1
4896	4894	1
4896	4896	1
4907	4917	1
4908	4909	1
4909	4896	1
4909	4909	2
4909	7218	1
4917	4908	1
4917	4909	1
4917	4917	1
4998	4998	1
4998	5001	1
4999	5000	1
5000	5000	1
5001	4999	1
5001	5001	1
5011	3435	1
5020	5043	1
5031	5031	1
5035	5035	1
5035	5038	1
5038	5038	1
5040	5035	1
5041	5040	1
5041	5041	1
5042	5041	1
5043	5043	1
5043	5044	1
5044	5044	1
5044	5046	1
5045	5031	1
5045	5045	1
5046	5045	1
5046	5046	1
5049	5049	1
5065	3448	1
5066	5065	1
5067	5066	1
5080	5049	1
5122	5122	1
5123	5122	1
5123	5123	1
5124	5123	1
5126	5185	1
5127	5130	1
5128	5128	1
5129	5138	1
5130	5126	1
5132	5133	1
5133	5133	1
5133	5134	1
5134	5128	1
5134	5134	1
5138	5139	1
5139	5143	1
5143	5144	1
5144	5146	1
5146	5149	1
5147	5145	1
5148	5147	1
5149	5148	1
5150	5150	1
5153	5153	1
5159	5150	1
5180	5180	1
5182	5180	1
5182	5182	1
5185	5129	1
5201	5182	1
5261	5261	1
5261	5266	1
5262	5264	1
5263	5261	1
5263	5263	1
5264	5263	1
5266	5295	1
5287	5286	1
5287	5287	1
5288	5287	1
5288	5288	1
5295	5295	1
5295	6500	1
5298	4604	1
5298	5298	1
5302	5305	1
5305	5298	1
5305	5305	1
5305	5310	1
5306	5306	1
5306	5343	1
5310	5310	1
5312	5313	1
5313	5313	1
5317	5317	1
5317	5334	1
5318	5317	1
5318	5318	1
5319	5318	1
5319	5319	1
5323	5324	1
5324	5324	1
5328	5328	1
5329	5342	1
5331	5328	1
5333	5364	1
5334	5334	1
5342	5306	1
5342	5342	1
5343	5343	1
5343	5431	1
5356	5356	1
5356	6127	1
5357	5356	1
5357	5357	1
5358	5358	1
5360	5360	1
5364	5364	1
5369	5369	1
5372	5369	1
5373	5360	1
5376	5665	1
5381	5381	1
5385	5417	1
5387	5390	1
5390	5390	1
5390	5501	1
5401	5401	1
5403	5401	1
5417	5418	1
5418	5381	1
5427	5427	1
5431	5353	1
5431	5431	1
5440	5427	1
5445	5445	1
5448	5448	1
5449	5448	1
5449	5449	1
5474	5319	1
5483	5484	1
5484	5449	1
5484	5484	1
5501	3911	1
5501	5042	1
5501	5153	1
5501	5944	1
5501	6155	1
5501	6201	1
5501	6294	1
5501	6511	1
5503	5503	1
5503	5598	1
5506	3362	1
5506	5506	1
5514	1471	1
5514	3105	1
5514	6883	1
5520	5503	1
5526	5526	1
5527	5527	1
5527	5528	1
5528	5526	1
5528	5528	1
5552	5552	1
5552	5609	1
5554	5554	1
5578	5376	1
5578	5578	1
5592	5594	1
5594	5552	1
5596	5596	1
5598	5598	1
5600	5601	2
5601	5527	1
5601	5596	1
5601	5601	2
5603	5603	1
5603	5604	1
5604	5578	1
5605	5603	1
5607	2479	1
5607	5607	1
5609	5554	1
5609	5609	1
5629	5629	1
5629	5632	1
5632	5632	1
5638	5629	1
5658	5658	1
5660	5661	1
5661	5658	1
5661	5661	1
5665	5665	1
5665	5666	2
5666	5666	2
5671	5671	1
5674	5671	1
5688	5688	1
5694	5688	1
5702	5702	1
5702	5703	1
5703	5703	1
5710	5702	1
5742	5785	1
5743	5743	1
5744	5743	1
5744	5744	1
5745	5744	1
5747	5747	1
5748	5747	1
5750	5750	1
5779	5796	1
5781	4416	1
5785	5750	1
5785	5785	1
5796	5796	1
5803	5806	1
5805	5805	1
5806	5805	1
5806	5806	1
5812	3918	1
5850	5850	1
5850	5876	1
5851	5850	1
5851	5851	1
5852	5852	1
5858	5859	1
5859	5859	1
5859	5953	1
5866	5866	1
5866	5868	1
5867	5867	1
5867	5950	1
5868	5868	2
5868	6955	1
5876	5852	1
5876	5876	1
5876	5883	1
5880	5880	1
5881	5851	1
5881	5881	2
5881	5882	1
5882	5880	1
5882	5881	1
5882	5882	2
5883	5881	1
5883	5883	1
5884	5958	1
5898	5898	2
5901	5901	1
5901	5902	1
5902	5902	1
5902	5913	1
5905	5905	1
5905	5906	1
5906	5901	1
5906	5906	2
5906	5916	1
5908	5905	1
5909	5694	1
5910	5898	2
5910	5910	2
5910	5912	1
5911	5911	1
5911	5912	2
5912	5910	2
5912	5912	2
5913	5866	1
5913	5914	1
5914	5915	1
5915	5911	1
5915	5915	1
5916	5916	1
5916	5917	1
5917	5917	1
5917	5920	1
5918	5867	1
5918	5918	1
5920	5918	1
5920	5920	1
5920	5932	1
5928	5906	1
5929	4302	1
5929	6955	1
5932	5932	1
5944	5944	1
5950	5868	1
5950	5950	1
5951	5953	1
5953	5882	1
5953	5953	2
5954	4337	1
5958	4302	1
5958	5958	1
5977	5978	1
5978	5978	1
6009	4202	1
6015	6032	1
6019	6019	1
6020	6020	1
6023	6019	1
6023	6023	1
6029	6020	1
6029	6029	1
6030	4178	1
6030	6030	1
6030	6031	1
6031	6029	1
6031	6031	1
6032	6030	1
6032	6032	1
6033	3917	1
6033	6033	1
6034	3915	1
6037	6037	1
6073	6073	1
6089	6073	1
6089	6089	1
6091	6089	1
6106	6106	1
6108	6106	1
6108	6108	1
6115	6115	1
6121	6115	1
6121	6121	1
6124	6121	1
6124	6124	1
6125	6037	1
6126	5358	1
6126	6126	1
6126	6192	1
6127	6126	1
6127	6127	2
6132	4178	1
6133	6133	1
6138	6139	1
6139	6023	1
6139	6139	1
6146	6326	1
6155	6162	1
6158	6158	1
6159	6158	1
6159	6159	2
6161	6159	1
6161	6161	1
6162	6133	1
6162	6162	1
6162	6164	1
6163	6161	1
6164	6164	1
6175	5357	1
6175	6175	1
6175	6176	1
6176	6176	1
6176	6177	1
6177	6243	1
6180	6175	1
6185	6191	1
6191	6127	1
6191	6191	1
6192	6192	1
6201	6201	1
6211	6211	1
6214	6214	1
6214	6258	1
6221	6214	1
6221	6221	1
6228	5514	1
6228	6228	1
6232	6234	1
6234	6234	1
6243	6211	1
6243	6243	1
6248	6248	1
6258	4686	1
6258	6258	1
6294	6248	1
6294	6294	1
6295	6339	1
6305	6307	1
6307	6307	1
6307	6308	1
6308	6308	1
6308	6309	1
6309	6310	1
6310	6310	1
6310	6311	1
6311	6311	1
6311	6312	1
6312	6228	1
6312	6312	1
6320	6355	1
6323	6323	1
6323	6343	1
6325	6323	1
6325	6325	1
6326	6326	1
6326	6373	1
6339	6320	1
6343	6343	1
6355	6355	2
6355	6359	1
6355	6363	1
6359	6355	1
6363	6363	1
6373	6325	1
6388	6388	1
6388	6391	1
6389	6388	1
6391	6391	1
6402	6453	1
6404	6402	1
6406	6407	1
6407	6408	1
6408	6404	1
6408	6408	1
6411	5501	1
6411	6408	1
6419	6459	1
6420	6420	1
6420	6424	1
6422	6420	1
6422	6422	1
6423	6423	1
6424	6423	1
6424	6424	1
6427	6429	1
6429	6422	1
6429	6429	1
6432	6427	1
6445	6445	1
6445	6447	1
6447	6447	1
6448	6448	1
6448	6450	1
6449	6448	1
6449	6468	1
6450	6445	1
6450	6450	1
6450	6469	1
6453	3533	1
6453	6453	1
6459	6459	1
6459	6468	1
6468	6449	1
6468	6468	2
6468	6473	1
6469	6469	1
6469	6470	1
6470	6470	1
6473	6474	1
6474	6474	1
6500	6502	1
6502	6511	1
6505	6512	1
6506	6505	1
6511	4796	1
6511	6511	1
6512	5288	1
6513	3708	1
6514	6514	1
6514	6561	1
6515	6514	1
6515	6515	1
6516	6515	1
6525	6525	1
6525	6527	1
6527	6546	1
6528	6525	1
6546	6546	1
6546	6549	1
6547	4178	1
6547	6547	1
6548	6547	1
6548	6548	1
6549	6548	1
6549	6549	1
6560	6528	1
6603	6607	2
6605	6605	1
6605	6641	1
6607	6605	1
6607	6607	2
6612	3187	1
6612	6612	1
6641	6641	1
6650	6612	1
6704	6704	1
6704	6708	1
6706	6704	1
6706	6706	1
6708	6708	1
6710	6717	1
6714	6714	1
6716	6716	1
6716	6718	1
6717	6716	1
6717	6717	1
6718	6714	1
6718	6718	2
6719	6718	1
6722	99999923	1
6730	6730	1
6735	6730	1
6735	6752	1
6745	6745	1
6745	6812	1
6750	6751	1
6751	6751	1
6752	6710	1
6768	6771	1
6771	6771	1
6792	6792	1
6792	6840	1
6793	6792	1
6793	6793	1
6794	6794	1
6794	6795	1
6795	6793	1
6795	6795	1
6795	6797	1
6796	6833	1
6797	6797	1
6803	6803	1
6804	6804	1
6807	6803	1
6811	7253	1
6812	6812	1
6813	6745	1
6813	6813	1
6814	6813	1
6815	99999923	1
6817	7253	1
6820	6822	1
6821	6821	1
6821	7262	1
6822	6822	1
6822	6823	1
6823	6823	1
6829	6821	1
6833	6833	1
6833	6836	1
6836	6836	1
6840	6794	1
6840	6840	1
6843	6844	1
6844	6840	1
6844	6844	1
6845	6845	1
6846	6843	1
6846	6846	1
6847	6846	1
6847	6847	1
6849	6847	1
6856	6856	1
6856	6857	1
6857	6845	1
6857	6857	2
6858	6857	1
6862	6880	1
6866	1355	1
6866	6880	1
6867	6866	1
6867	6867	2
6868	6867	2
6868	6868	1
6872	6872	1
6876	6877	1
6877	6877	1
6877	6878	1
6878	6878	2
6878	6879	1
6879	6872	1
6880	99999923	1
6883	6918	1
6918	6918	1
6918	6948	1
6921	6922	1
6922	6878	1
6922	6922	1
6922	6941	1
6923	6923	1
6928	6928	1
6930	6930	1
6930	6931	1
6931	6931	1
6932	6928	1
6932	6933	1
6933	6933	1
6933	6934	1
6934	6934	1
6934	6939	1
6939	6939	1
6941	6941	1
6944	6930	1
6947	6947	1
6948	6948	1
6951	6976	1
6954	7025	1
6955	6947	1
6955	7291	1
6956	6957	1
6957	6957	1
6957	6959	1
6959	6959	1
6960	6957	1
6969	6971	1
6970	6969	1
6970	6972	1
6971	6973	1
6971	6975	1
6972	6970	1
6972	6971	1
6972	6972	1
6973	6969	1
6973	6977	1
6975	6973	1
6976	6972	1
6977	6970	1
6977	6986	1
6979	6977	1
6983	6983	1
6983	6985	1
6983	6995	1
6984	6984	1
6984	6985	1
6985	6983	1
6985	6985	2
6985	6986	1
6986	6954	1
6986	6979	1
6986	6986	1
6988	6984	1
6995	6995	1
6995	6996	2
6996	5909	1
6996	6996	2
6996	7014	1
6997	6996	1
6997	6998	1
6998	6998	2
7002	6998	1
7007	7007	1
7007	7009	1
7008	7007	1
7008	7008	1
7009	7009	1
7010	7008	1
7010	7010	1
7014	7010	1
7015	6995	1
7020	7026	1
7025	7025	1
7026	7026	2
7030	7030	1
7030	7356	1
7035	7035	2
7036	7035	1
7036	7036	1
7036	7037	2
7037	7037	2
7039	7350	1
7040	7036	1
7042	7042	1
7045	7045	1
7046	7046	1
7046	7053	1
7048	7048	1
7049	7048	1
7051	5501	1
7052	7057	1
7053	7053	1
7057	7046	1
7058	7045	1
7058	7058	1
7058	7062	1
7058	7064	1
7061	7061	1
7061	7066	1
7062	7062	2
7062	7064	1
7062	7065	1
7063	7058	1
7063	7063	2
7063	7064	1
7064	7061	1
7064	7062	1
7064	7063	1
7064	7064	3
7065	7063	1
7065	7065	1
7066	7066	1
7070	7070	1
7073	7073	2
7073	7105	1
7074	7073	1
7082	7085	1
7083	7098	1
7084	7082	1
7084	7083	1
7085	7074	1
7085	7085	1
7086	7086	1
7086	7087	1
7087	7087	1
7087	7088	1
7088	7088	2
7090	7086	1
7090	7090	1
7098	7085	1
7098	7098	1
7105	7115	1
7106	7073	1
7106	7106	1
7107	7106	1
7107	7107	1
7108	7108	1
7108	7115	1
7109	7108	1
7109	7109	1
7110	7107	1
7110	7109	1
7110	7110	1
7115	7110	1
7115	7115	2
7160	7163	1
7161	3711	1
7163	7161	1
7163	7163	1
7168	4178	1
7168	7168	1
7170	7168	1
7172	7172	1
7174	7172	1
7175	7179	1
7178	7178	1
7178	7181	1
7179	7178	1
7180	7174	1
7181	7180	1
7181	7181	2
7182	7181	1
7182	7182	1
7184	7182	1
7189	7175	1
7190	7191	1
7191	7191	1
7193	7193	1
7193	7198	1
7195	7193	1
7198	7198	1
7201	7202	1
7202	7202	1
7202	7203	1
7203	7203	1
7204	4178	1
7204	7204	1
7207	7204	1
7216	7220	1
7218	7219	1
7219	7219	1
7219	7220	1
7220	7220	2
7230	7233	1
7233	7233	1
7233	7234	1
7234	5198	1
7238	6706	1
7238	7238	1
7241	7241	1
7241	7243	1
7241	7244	1
7243	7243	1
7244	7241	1
7244	7244	1
7247	7247	1
7251	7253	1
7253	6804	1
7253	7238	1
7255	7253	1
7262	7262	1
7266	7247	1
7269	7269	1
7275	7276	1
7276	7277	1
7277	7277	1
7277	7315	1
7278	7278	1
7279	7278	1
7280	7280	1
7282	6955	1
7286	4604	1
7286	4629	1
7286	6955	1
7286	7280	1
7286	7286	1
7291	7015	1
7291	7291	1
7292	7307	1
7299	4629	1
7299	7035	1
7307	7036	1
7307	7307	1
7308	7343	1
7312	7312	1
7312	7322	1
7312	99999917	1
7313	7322	1
7314	7314	1
7315	7315	1
7317	7317	1
7320	7312	1
7321	7321	1
7321	99999917	1
7322	7314	1
7322	7322	2
7322	7342	1
7323	7324	1
7324	7320	1
7324	7324	1
7326	7399	1
7329	7321	1
7329	7399	1
7331	7331	1
7333	7331	1
7338	7338	1
7339	7338	1
7339	7339	1
7340	7339	1
7340	7341	1
7341	3362	1
7341	5501	1
7341	7341	1
7342	7342	1
7342	7349	1
7343	7343	1
7349	7349	1
7350	7350	1
7356	5501	1
7356	7356	1
7365	7365	1
7370	7370	1
7371	7365	1
7373	3362	1
7373	7373	1
7374	7373	1
7374	7374	1
7376	7376	1
7376	7383	1
7377	7377	1
7381	7382	1
7382	7377	1
7382	7382	1
7383	7374	1
7383	7381	1
7383	7383	1
7386	7386	1
7387	7386	1
7392	7393	1
7392	7399	1
7393	7393	1
7397	7398	1
7398	7398	1
7398	7399	1
7399	7088	1
7399	7090	1
7399	7370	1
7399	7376	1
7399	7399	1
99999917	7317	1
99999923	7269	1
