ORIG	DEST	N_TOT
2	2	2
3	2	1
3	3	1
3	7	1
4	3	2
5	4	1
5	5	1
7	7	1
7	1244	1
10	10	1
11	5	1
11	11	1
12	11	1
13	10	1
13	13	1
15	13	1
37	37	1
42	37	1
42	42	1
43	42	1
49	49	1
50	49	1
73	874	1
74	75	1
75	75	1
76	1008	1
84	84	1
84	85	1
85	583	1
86	87	1
87	87	1
87	166	1
90	90	1
99	100	1
100	100	1
100	101	1
101	101	1
101	102	1
102	12	1
102	102	1
103	979	1
115	979	1
124	122	1
124	124	1
128	128	1
128	129	1
129	129	1
129	131	1
129	144	1
130	128	1
130	130	1
131	130	1
131	131	1
131	140	1
132	131	1
132	132	1
133	129	1
133	133	1
134	132	1
134	133	1
135	124	1
136	135	1
136	136	1
138	138	1
139	138	1
140	142	1
141	136	1
142	141	1
142	142	1
144	144	1
151	151	1
152	151	1
152	152	1
153	154	1
154	152	1
154	154	1
158	158	1
158	979	1
162	162	1
164	90	1
167	172	1
171	171	1
172	171	1
172	172	2
173	186	1
173	577	1
177	162	1
181	172	1
183	183	1
183	1008	1
186	186	1
186	189	1
188	979	1
189	124	1
189	158	1
189	189	2
190	190	1
190	198	1
193	189	1
193	190	1
196	568	1
197	197	2
197	558	1
198	197	2
198	198	1
199	199	1
199	558	1
200	206	1
201	201	1
201	251	1
202	201	2
206	202	1
206	206	1
210	199	1
210	210	1
223	223	1
224	223	1
224	224	1
225	225	1
225	1410	1
229	229	2
229	1418	1
230	230	1
230	235	1
234	235	1
234	237	1
235	234	1
235	235	4
235	236	1
235	2519	1
235	2520	1
236	235	2
236	236	2
236	237	1
237	237	2
237	270	1
237	1417	1
240	241	1
241	236	1
241	241	1
242	240	1
242	242	1
243	242	1
245	198	1
252	252	1
253	252	1
253	261	1
254	254	1
254	257	1
257	257	1
257	526	1
260	254	1
260	260	2
261	260	1
261	261	1
266	260	1
267	979	1
270	270	1
270	979	1
274	210	1
277	277	1
277	2625	1
279	277	1
280	280	1
281	280	1
281	281	1
283	281	1
283	283	1
283	294	1
291	291	1
292	291	1
292	292	1
293	292	1
293	293	1
294	293	1
294	294	1
295	283	1
295	295	1
298	2624	1
299	193	1
311	312	1
312	312	1
312	313	1
313	314	1
314	317	1
317	316	1
325	325	1
326	325	1
326	326	2
326	327	1
327	326	1
327	327	2
331	979	1
335	335	1
335	337	1
336	335	1
336	336	1
337	337	1
339	326	1
339	339	1
340	327	1
340	339	1
340	340	1
341	341	1
341	342	1
342	340	2
342	342	1
343	336	1
343	343	1
347	343	1
366	367	1
367	367	1
367	369	1
369	369	1
369	370	1
370	370	1
370	372	1
372	372	1
372	374	1
374	374	1
374	377	1
377	377	1
393	393	1
393	2668	1
406	438	1
408	393	1
408	408	1
412	408	1
413	429	1
422	422	1
422	426	1
424	424	1
426	426	1
426	429	1
428	427	1
429	428	1
429	429	1
433	413	1
438	438	1
438	439	1
439	439	1
446	424	1
446	446	1
447	446	1
448	422	1
450	451	1
451	451	1
451	717	1
453	450	1
456	456	1
456	488	1
461	461	1
462	461	1
462	462	1
466	462	1
467	341	1
467	467	1
468	467	1
468	468	1
468	2668	1
478	468	1
480	483	1
483	456	1
483	483	1
485	497	1
488	488	1
488	699	1
492	492	1
495	495	1
495	496	1
496	492	1
496	496	1
497	497	1
497	498	1
498	498	1
498	499	1
499	495	1
499	499	1
504	504	1
504	505	1
505	506	1
507	504	1
508	507	1
508	508	1
509	508	1
509	509	1
510	509	1
510	510	1
514	645	1
515	515	1
516	515	1
517	517	1
517	1008	1
519	312	1
519	519	1
520	295	1
520	519	1
520	520	1
522	522	1
524	522	1
526	526	1
528	528	1
536	528	1
539	520	1
539	539	1
540	510	1
540	517	1
540	607	1
551	567	1
552	551	1
553	568	1
556	245	1
556	556	1
558	200	1
558	556	1
558	558	1
560	560	1
561	560	1
561	561	2
561	571	1
567	540	1
567	567	1
568	561	1
568	568	2
569	569	1
569	570	1
570	570	1
570	574	1
571	572	1
572	569	1
572	572	1
573	573	1
573	575	2
574	574	1
574	576	1
575	561	1
575	575	1
575	578	1
576	573	1
576	576	1
577	183	1
577	577	1
578	592	1
579	1008	1
583	86	1
583	583	1
583	979	1
584	84	1
584	583	1
584	584	1
585	586	1
586	586	1
586	591	1
591	584	2
591	591	2
595	979	1
606	606	1
606	607	1
606	979	1
607	607	2
607	609	1
608	606	1
609	609	2
614	614	1
615	614	1
619	915	1
621	621	1
621	623	1
622	621	1
623	585	1
623	622	1
623	623	1
624	623	1
624	624	1
625	624	1
625	625	1
630	591	1
630	636	1
631	634	1
634	630	1
635	979	1
636	609	1
636	636	1
639	4604	1
641	639	1
641	641	1
645	645	1
645	646	1
645	649	1
646	539	1
646	646	1
647	641	1
647	647	1
648	647	1
648	648	1
649	648	1
652	666	1
657	625	1
657	657	2
658	658	1
658	660	1
660	657	1
660	660	1
666	666	1
666	667	1
667	667	1
669	690	1
672	672	1
673	657	1
674	672	1
674	674	1
677	684	1
678	678	1
678	684	1
683	674	1
684	684	2
690	690	1
698	699	1
699	699	1
699	702	1
702	702	1
702	703	1
703	703	1
712	712	1
713	712	1
714	713	1
714	714	1
715	714	1
715	715	1
716	715	1
717	716	1
727	728	1
728	728	1
728	731	1
729	729	1
731	729	1
731	731	1
732	727	1
732	732	1
733	732	1
733	733	1
736	736	1
736	741	1
740	784	1
741	741	1
741	744	1
744	733	1
744	744	2
745	747	1
747	3282	1
752	752	1
752	3283	1
753	754	1
754	754	1
756	758	1
757	744	1
757	757	1
758	745	1
758	758	1
760	760	1
760	813	1
762	762	1
762	811	2
765	756	1
766	757	1
782	782	1
784	782	1
784	784	1
799	799	1
800	799	1
805	818	1
811	760	1
811	766	1
811	811	2
813	813	1
817	2668	1
818	762	1
821	821	1
821	825	1
822	821	1
825	826	1
826	826	1
826	829	1
829	829	1
829	832	1
831	831	2
831	851	1
831	852	1
832	831	2
832	832	1
835	835	1
835	837	1
836	835	1
836	836	1
837	678	1
837	837	1
837	841	1
838	836	1
838	838	1
840	846	1
841	841	1
842	842	1
843	842	1
846	846	1
846	847	1
847	838	1
851	851	1
851	852	1
852	852	2
852	853	1
853	853	1
859	860	2
860	860	2
860	865	1
860	867	1
862	859	1
862	862	1
863	862	1
865	865	1
865	867	1
866	866	2
866	869	1
867	866	2
867	867	2
869	884	1
871	878	1
872	871	1
872	872	1
874	874	1
874	979	1
878	920	1
881	872	1
881	881	1
882	881	1
882	882	1
884	882	2
884	884	1
885	885	1
902	903	1
903	658	1
903	903	1
904	904	1
904	914	1
911	911	1
914	914	1
914	919	1
915	911	1
915	915	1
915	916	1
916	904	1
916	916	1
919	919	1
920	920	1
945	945	1
945	946	1
946	947	1
947	947	1
947	948	1
948	948	1
957	963	1
960	990	1
963	963	1
964	967	1
967	967	1
967	992	1
968	968	1
972	945	1
972	972	1
974	972	1
979	885	1
979	1447	1
979	1511	1
979	2053	1
989	989	1
990	990	2
990	998	1
992	968	1
992	990	1
992	992	1
998	998	1
1000	1001	1
1001	989	1
1001	1001	1
1016	1036	1
1030	1030	1
1030	1034	1
1031	1030	1
1034	1034	2
1034	1042	2
1035	1016	1
1036	1036	1
1042	1042	2
1042	2512	1
1044	2030	1
1044	2541	1
1049	1034	1
1078	1078	1
1081	1081	1
1161	1168	1
1162	1161	1
1167	1167	1
1167	1169	1
1168	1167	1
1168	1183	1
1169	1169	1
1169	1189	1
1181	1181	1
1182	1181	1
1182	1182	1
1183	1169	1
1183	1182	1
1183	1183	1
1184	1183	1
1184	1184	1
1186	1184	1
1189	6730	1
1191	1193	1
1192	1191	1
1193	1194	1
1201	1201	1
1201	1202	1
1202	1202	1
1202	1213	1
1203	1192	1
1210	1201	1
1212	1215	1
1213	1212	1
1215	1216	1
1216	1203	1
1232	1232	1
1232	1242	1
1232	6852	1
1233	1232	1
1242	1242	2
1242	1244	1
1244	2	1
1244	1242	1
1244	1244	1
1266	1233	1
1272	1275	1
1273	1272	1
1273	1273	1
1273	1275	1
1274	1273	1
1274	1274	1
1275	1303	2
1277	1274	1
1277	1277	1
1278	1279	1
1279	1277	1
1280	1280	1
1280	1281	1
1281	1278	1
1281	1281	1
1281	1282	1
1282	1273	1
1282	1280	1
1283	1281	1
1283	1283	1
1284	1300	1
1292	1292	1
1300	1283	1
1300	1300	1
1301	1301	1
1301	1302	1
1303	1301	1
1303	1303	1
1351	6852	1
1366	979	1
1366	1366	1
1368	1508	1
1369	1368	1
1370	1370	1
1380	1366	1
1383	1394	1
1385	1383	1
1386	1386	1
1386	1388	1
1387	1370	1
1387	1386	1
1388	1387	2
1388	1388	2
1389	1390	1
1390	1388	1
1391	1389	1
1393	1393	1
1394	1394	1
1394	1480	1
1395	1386	1
1395	1395	1
1410	230	1
1410	1410	1
1414	1415	1
1415	1036	1
1417	229	2
1417	1417	1
1418	225	1
1418	1418	1
1418	1419	1
1419	1414	1
1419	1419	1
1423	224	1
1424	1428	1
1427	1424	1
1427	1427	1
1428	1423	1
1429	1427	1
1429	1429	1
1430	1430	1
1435	1436	1
1436	1436	1
1436	1450	1
1437	1437	1
1437	1438	1
1438	1438	2
1439	1437	1
1439	1439	1
1442	1439	1
1443	1429	1
1443	1443	1
1447	1443	1
1447	1447	1
1450	1453	1
1452	1452	1
1452	1465	1
1453	1438	1
1453	1452	1
1453	1453	1
1465	1465	1
1465	1468	1
1476	1351	1
1479	979	1
1479	1479	1
1480	1395	1
1483	1393	1
1484	1391	1
1484	1484	1
1485	1484	1
1485	1485	1
1486	1504	1
1487	1479	1
1501	1501	1
1503	1503	1
1504	1485	1
1504	1504	1
1505	1501	1
1506	1503	1
1506	1506	1
1508	1506	1
1508	1508	1
1511	1511	1
1512	1513	1
1513	979	1
1513	1513	1
1553	1553	1
1558	1561	1
1559	1558	1
1560	1559	1
1565	1585	1
1567	1567	1
1567	1584	1
1574	1575	2
1575	1567	1
1575	1575	1
1575	1584	1
1584	1584	1
1584	1587	1
1584	1588	1
1585	1586	1
1586	1589	1
1587	1588	1
1588	1588	2
1588	1594	1
1589	1595	1
1590	1565	1
1591	1590	1
1592	4634	1
1593	1591	1
1594	1593	1
1594	1594	1
1595	1595	1
1603	1654	1
1604	1605	1
1605	1605	1
1605	1606	1
1606	1603	1
1606	1606	1
1607	1608	1
1608	1608	1
1608	1609	1
1609	1646	1
1611	1611	1
1611	1617	1
1617	1617	1
1617	4634	1
1624	1611	1
1624	1624	1
1631	1624	1
1638	1638	1
1638	1647	1
1646	1638	1
1646	1646	1
1647	1647	1
1647	1648	1
1648	1648	1
1653	1653	1
1654	1653	1
1654	1654	1
1658	1658	1
1658	1660	1
1658	1663	1
1660	1661	1
1661	1661	1
1665	1658	1
1665	1666	1
1666	1658	1
1673	1674	1
1674	1674	1
1674	1701	1
1686	1686	1
1689	1686	1
1689	1689	1
1695	1689	1
1695	1695	1
1701	1721	1
1703	1704	1
1704	1665	2
1704	1704	2
1704	1705	1
1705	1716	1
1707	1708	1
1708	1710	1
1709	1710	1
1709	1711	1
1710	1709	1
1710	1961	1
1711	1712	1
1712	1714	1
1714	1730	1
1716	1716	1
1721	1704	1
1721	1721	1
1730	1721	1
1750	1750	1
1757	1771	1
1758	1758	1
1758	1761	1
1759	1758	1
1759	1759	1
1760	1759	1
1760	1760	1
1761	1761	1
1765	1765	1
1766	1765	1
1766	1766	1
1767	1767	1
1771	1766	1
1771	1771	1
1772	1772	1
1774	1772	1
1774	1774	1
1775	1774	1
1775	1775	1
1775	1776	1
1776	1776	1
1776	1777	1
1777	1750	1
1777	1777	1
1781	1781	1
1781	1782	1
1782	1775	1
1782	1782	1
1788	1790	1
1790	1790	1
1790	1793	1
1791	2079	1
1793	1793	1
1793	1802	1
1802	1803	1
1803	1803	1
1809	1809	1
1809	1812	1
1811	1809	1
1812	1812	1
1837	1837	1
1837	1848	1
1838	1837	1
1848	1848	1
1848	1849	1
1849	1849	1
1849	1869	1
1859	1859	1
1859	1863	1
1859	1865	1
1859	1877	1
1863	1863	2
1863	1865	1
1864	1859	1
1864	1863	1
1864	1864	1
1865	1865	1
1865	1869	1
1865	1876	1
1869	1869	2
1869	1871	1
1871	1871	1
1872	1890	1
1875	1875	1
1875	1887	1
1876	1875	1
1876	1876	1
1877	1864	2
1877	1877	3
1878	1877	2
1878	1878	1
1887	1887	1
1890	1878	1
1914	1914	1
1914	1919	1
1915	1914	1
1916	1915	1
1918	1916	1
1919	1914	1
1919	1919	1
1919	1920	1
1920	1919	1
1920	1920	1
1920	1921	1
1921	1927	1
1925	1560	1
1927	1925	1
1928	1920	1
1928	1928	1
1929	1928	1
1929	1929	1
1930	1918	1
1930	1929	1
1930	1930	1
1932	1930	2
1943	1944	1
1944	1944	1
1944	1953	1
1953	1953	1
1957	1957	1
1958	1958	2
1958	1960	1
1959	1958	2
1959	1959	2
1960	1960	1
1960	1962	1
1961	1959	2
1961	1961	1
1962	1957	1
1962	1962	1
2006	2008	1
2008	2008	1
2008	2010	2
2010	979	1
2010	2010	1
2010	2020	1
2011	2019	1
2013	2014	1
2014	2043	1
2015	2015	1
2015	2016	1
2015	2049	1
2016	2016	2
2016	2027	1
2017	2015	1
2018	2018	1
2018	2025	1
2019	2018	1
2019	2019	1
2020	2024	1
2023	2023	1
2023	2031	1
2024	2023	1
2024	2024	1
2025	2017	1
2025	2025	1
2027	2027	1
2029	2029	1
2029	2033	1
2030	2029	1
2030	2030	2
2031	2030	1
2031	2031	1
2033	2033	1
2034	2067	1
2043	2059	1
2049	2016	1
2049	2049	1
2049	2050	1
2050	2013	1
2050	2050	1
2051	2049	1
2051	2051	1
2053	2051	1
2053	2053	1
2058	1078	1
2059	2058	1
2067	979	1
2067	2067	1
2077	2077	1
2079	2077	1
2079	2079	1
2083	2083	1
2085	2083	1
2085	2085	1
2088	2088	1
2089	2089	1
2089	2091	1
2090	2090	2
2090	2094	1
2091	2088	1
2091	2091	1
2094	2089	1
2094	2094	1
2097	2090	2
2097	2097	2
2098	2097	1
2098	2098	1
2100	2098	1
2101	2097	1
2149	2085	1
2171	2171	1
2171	2172	1
2172	2172	1
2173	2171	1
2179	2330	1
2185	2191	1
2191	979	1
2191	2191	1
2193	2194	1
2194	2194	1
2194	2203	1
2201	2201	1
2203	2201	1
2203	2203	1
2256	2256	1
2256	2261	1
2257	2256	1
2257	2257	1
2257	2261	1
2258	2845	1
2259	2658	1
2260	2260	1
2260	2262	1
2261	2260	2
2261	2261	1
2262	2262	1
2273	2273	1
2284	2291	1
2288	2273	1
2288	2288	1
2290	2293	2
2291	1047	1
2293	2293	1
2293	2298	1
2294	2297	1
2295	2284	1
2296	2295	1
2296	2296	1
2297	2296	1
2297	2297	1
2298	2294	1
2301	2301	1
2301	2553	1
2304	2304	1
2304	2306	1
2305	2304	1
2305	2305	1
2306	2307	1
2307	2301	1
2307	2307	1
2309	2305	1
2313	2313	1
2313	2316	1
2314	2313	1
2315	2314	1
2315	2315	1
2316	2316	1
2324	2315	1
2324	2337	1
2326	2326	1
2326	2343	1
2330	2335	1
2333	2333	1
2333	2349	1
2335	2335	1
2335	2336	1
2336	2326	1
2336	2336	1
2337	2337	1
2337	2338	1
2338	979	1
2343	2343	2
2343	2344	1
2343	2371	1
2344	2345	1
2345	2345	1
2345	2365	1
2346	2343	1
2346	2346	1
2347	2373	1
2349	2336	1
2349	2349	1
2352	2352	1
2352	2358	1
2353	2352	1
2358	2358	1
2365	1081	1
2371	2371	1
2373	2346	1
2373	2373	2
2373	2377	1
2374	2373	1
2376	2333	1
2376	2376	1
2377	2376	1
2399	2399	1
2399	2470	1
2416	2416	1
2416	2419	1
2417	2416	1
2417	2423	1
2418	2417	1
2419	2420	1
2420	2420	1
2420	2679	1
2421	2421	1
2422	2424	1
2423	2421	1
2423	2423	1
2424	2425	2
2425	2418	1
2425	2425	1
2425	2430	1
2426	2426	1
2426	2427	1
2427	2427	1
2430	2426	1
2430	2430	1
2431	2431	1
2431	2432	1
2431	2465	1
2432	2399	1
2432	2432	1
2445	2445	1
2445	2449	1
2446	2445	1
2447	2422	1
2448	2447	1
2449	2448	1
2454	2454	1
2454	2472	1
2457	2431	1
2457	2454	1
2465	2465	1
2466	2466	1
2467	2466	1
2467	2467	1
2468	2467	1
2468	2468	1
2469	2468	1
2469	2469	1
2470	2469	1
2470	2470	2
2472	2470	1
2472	2472	1
2501	2501	1
2502	2179	1
2502	2501	1
2504	1417	1
2509	2504	1
2510	2510	1
2511	2510	1
2512	2511	1
2512	2512	1
2519	2519	1
2520	2520	1
2527	2527	1
2527	2529	1
2528	2527	1
2529	2529	1
2531	2531	1
2532	2531	1
2532	2541	1
2540	2540	2
2541	2540	1
2541	2541	2
2551	2550	1
2553	2554	1
2554	2551	1
2554	2554	1
2560	2288	1
2576	2560	1
2582	2588	1
2583	2582	1
2583	2583	1
2588	2588	1
2593	2593	1
2593	2594	2
2594	2594	2
2594	2595	2
2595	2595	2
2595	2596	2
2596	2596	2
2597	2593	1
2597	2597	1
2598	2597	1
2601	2540	1
2601	2601	1
2602	2601	1
2622	2622	1
2622	2623	1
2623	1044	1
2623	2623	2
2623	2624	1
2624	2623	1
2624	2624	2
2625	2622	1
2625	2625	1
2658	2258	1
2668	736	1
2668	2432	1
2668	5486	1
2670	2257	1
2670	2671	1
2671	2257	1
2671	2671	1
2672	2671	1
2672	2672	1
2676	2676	1
2676	2677	1
2677	2672	1
2677	2677	1
2679	2693	1
2683	2676	1
2683	2683	1
2684	2683	1
2686	2687	1
2687	2684	1
2690	2670	1
2693	2690	1
2731	2731	1
2731	2732	1
2732	2973	1
2734	2731	1
2740	2773	1
2743	2743	1
2746	2756	1
2751	2751	1
2751	4697	1
2755	2751	1
2756	2734	1
2756	2756	1
2771	2743	1
2773	2771	1
2801	2668	1
2824	2824	1
2824	2839	1
2826	2824	1
2827	2827	1
2838	2827	1
2838	2838	1
2839	2838	1
2839	2839	2
2840	2839	1
2840	2840	1
2841	2840	1
2845	2583	1
2845	2845	1
2846	2846	1
2846	2850	1
2847	2846	1
2847	2847	1
2848	2847	1
2850	2850	1
2872	433	1
2876	2884	1
2877	2877	1
2877	2966	1
2880	2872	1
2881	2880	1
2882	2886	1
2884	2882	1
2886	2881	1
2895	2895	1
2896	2896	1
2896	2897	1
2897	2897	1
2897	3278	1
2907	3297	1
2914	3288	1
2932	2932	1
2935	2932	1
2935	2935	1
2952	2935	1
2952	2952	1
2953	2964	1
2955	2955	1
2955	2959	1
2956	2956	1
2959	2959	1
2959	2960	1
2960	2960	1
2960	2973	1
2961	2955	1
2961	2961	1
2961	2962	1
2962	2961	1
2962	2972	1
2964	2952	1
2964	2964	1
2972	2972	1
2973	2956	1
2973	2961	1
2974	2978	1
2978	2668	1
2978	2978	1
2984	2984	1
2991	2994	1
2994	2994	1
2994	2995	1
2994	2996	1
2995	2995	1
2996	2996	1
2996	2997	1
2997	2984	1
2997	2997	1
3004	3005	1
3005	3006	1
3006	3006	1
3007	3004	1
3008	3007	1
3008	3008	1
3015	3008	1
3019	3019	1
3019	3031	1
3019	3032	1
3020	3029	1
3021	3020	1
3029	3029	1
3029	3120	1
3030	3030	1
3030	3031	1
3031	2914	1
3031	3021	1
3031	3031	2
3033	3019	2
3033	3030	1
3033	3033	2
3034	3034	2
3034	3049	2
3035	3034	2
3035	3035	2
3038	3277	1
3042	3046	1
3046	3035	2
3047	3042	1
3047	3046	1
3047	3047	2
3048	3047	2
3049	3033	2
3049	3049	2
3050	3048	2
3051	3033	1
3055	3051	1
3062	3079	1
3070	3070	1
3070	3075	1
3072	3072	1
3072	3089	1
3073	3072	1
3075	3075	1
3079	3055	1
3080	3031	1
3089	3070	1
3089	3089	1
3089	3091	1
3090	3090	1
3090	3103	1
3091	3091	1
3091	3092	1
3092	3090	1
3092	3092	1
3101	3101	1
3101	3104	1
3103	3101	1
3103	3103	1
3104	3104	1
3116	3114	1
3120	3121	1
3121	3121	1
3121	3152	1
3122	3122	1
3123	3123	1
3123	3176	1
3125	3151	1
3128	3116	1
3151	3122	1
3152	3152	1
3176	3125	1
3176	3176	2
3176	3179	1
3177	3176	1
3177	3178	1
3178	3182	1
3179	3179	1
3179	3181	1
3180	3180	2
3180	3181	1
3181	3181	3
3181	3186	1
3182	3180	1
3182	3182	1
3182	3184	1
3183	3183	1
3183	3184	1
3184	3184	2
3184	3185	1
3184	3190	1
3185	3181	1
3185	3185	1
3186	3180	1
3186	3186	1
3188	3123	1
3190	3193	1
3191	3183	1
3193	3191	1
3193	3193	2
3193	3194	1
3194	3193	1
3194	3194	1
3194	3196	1
3195	3195	1
3196	3199	1
3199	3195	1
3199	3199	1
3202	3208	1
3208	3208	1
3208	3209	1
3209	2668	1
3209	3209	1
3211	3211	1
3211	3212	1
3212	3128	1
3212	3212	1
3225	3225	1
3225	3237	1
3236	3225	1
3237	3237	1
3241	3211	1
3251	3252	1
3252	3267	1
3257	3257	1
3257	3259	1
3258	3257	1
3258	3258	1
3259	753	1
3259	3259	1
3261	3258	1
3262	3261	1
3262	3262	1
3263	3262	1
3263	3263	1
3267	3269	1
3269	3263	1
3269	3269	1
3275	3212	1
3277	2896	1
3277	3277	1
3278	2895	1
3279	3316	1
3280	3275	1
3282	752	1
3282	3282	1
3283	3283	1
3288	3289	1
3289	3289	1
3289	3290	1
3290	2877	1
3296	2668	1
3296	3296	1
3297	3296	1
3297	3297	1
3300	3303	1
3301	3300	1
3301	3301	1
3302	3301	1
3303	3280	1
3303	3303	1
3312	3279	1
3314	3312	1
3315	3302	1
3316	3315	1
3351	3289	1
3352	3352	1
3353	3353	1
3353	3469	1
3354	3353	1
3354	3354	1
3356	3354	1
3358	3358	1
3358	3359	1
3359	3359	1
3362	7023	1
3363	3364	1
3364	3364	1
3371	3372	1
3372	3372	1
3372	3380	1
3373	3373	1
3373	3374	1
3374	2729	1
3374	3374	2
3374	3375	1
3374	5510	1
3375	3371	1
3378	3378	1
3379	3378	1
3379	3379	2
3380	3379	1
3380	3380	1
3382	3382	1
3382	3393	1
3392	3358	1
3393	3379	1
3393	3393	1
3399	3401	1
3400	2668	1
3400	3382	1
3400	3445	1
3401	3401	1
3413	3422	1
3421	3400	1
3421	3421	1
3422	3422	2
3422	3423	2
3423	3423	2
3423	3424	1
3424	3427	1
3425	3425	1
3425	3436	1
3426	3427	1
3427	3425	1
3427	3427	1
3427	3432	1
3429	3422	1
3429	3429	1
3430	3421	1
3430	3429	1
3430	3430	2
3431	3430	2
3431	3431	1
3432	3431	1
3432	3432	1
3436	3422	1
3436	3436	1
3437	3431	1
3437	3437	1
3440	2668	1
3441	3437	1
3443	3440	1
3451	3460	1
3454	3463	1
3456	3358	1
3456	3456	1
3457	3456	1
3457	3457	1
3458	3457	2
3458	3458	1
3460	3460	1
3460	3461	1
3461	3461	1
3461	3462	1
3462	3462	1
3462	3463	1
3463	3463	1
3463	3464	2
3464	3352	1
3464	3464	1
3466	3458	1
3467	3467	1
3467	3468	1
3468	3466	1
3468	3468	1
3469	3469	1
3469	3470	1
3470	3467	1
3470	3470	1
3471	3471	1
3471	3472	1
3472	2728	1
3508	3508	1
3509	3509	1
3509	4178	1
3513	3513	1
3515	3513	1
3515	3515	1
3516	3516	1
3525	3509	1
3533	3533	1
3533	6379	1
3538	3695	1
3539	3539	1
3540	3540	1
3545	3533	1
3545	3545	1
3546	3673	1
3547	3545	1
3547	3547	1
3551	3516	1
3551	3551	2
3551	3557	1
3552	3552	1
3552	3555	1
3553	3553	1
3553	3572	1
3554	3552	1
3554	3553	1
3555	3551	1
3555	3555	1
3557	3554	1
3557	3557	1
3564	3565	1
3565	3565	1
3565	4178	1
3567	3564	1
3569	3551	1
3572	3572	1
3572	3574	1
3574	3574	1
3574	3613	1
3577	3577	1
3578	3587	1
3587	3587	1
3587	3589	1
3589	3589	1
3589	3590	1
3590	3590	1
3590	3591	1
3591	3591	1
3591	3593	1
3593	3597	1
3594	3594	1
3594	3710	1
3595	3594	1
3597	3577	1
3597	3597	1
3603	3603	1
3603	7117	1
3606	3606	1
3607	3607	1
3607	3608	1
3608	3606	1
3609	3607	1
3611	3609	1
3611	3611	1
3612	3611	1
3612	3612	1
3613	3612	1
3613	3613	1
3619	3554	1
3619	3619	1
3623	3553	1
3626	3623	1
3631	3633	1
3633	3515	1
3633	3633	1
3637	3619	1
3637	3637	1
3639	3639	2
3639	3665	2
3650	3639	1
3650	3650	1
3650	3658	1
3651	3650	2
3652	3651	1
3658	3658	1
3660	3661	1
3661	3652	1
3664	3639	1
3664	3664	2
3664	3666	1
3665	3664	1
3665	3665	1
3665	3688	1
3666	3664	1
3666	3666	1
3666	3667	1
3667	3670	1
3668	3637	1
3668	3668	1
3669	3668	1
3669	3669	1
3670	3626	1
3670	3669	1
3673	3673	1
3673	3674	1
3674	3547	1
3674	3674	1
3675	3675	1
3684	3801	1
3688	3603	1
3695	3539	1
3695	3695	1
3702	3702	1
3703	3702	1
3703	3703	1
3709	3709	1
3709	4178	1
3710	3709	1
3725	3726	1
3726	3726	1
3726	3731	1
3731	3731	1
3734	3736	1
3735	3750	1
3736	3735	1
3736	3736	1
3738	3734	1
3739	3739	1
3739	3740	1
3739	3747	1
3740	4790	1
3747	3747	1
3747	4784	1
3750	3739	1
3801	3675	1
3801	3801	1
3804	3804	1
3804	3814	1
3804	4178	1
3805	3816	1
3806	3804	1
3806	3806	1
3809	3806	1
3810	3804	1
3812	3846	1
3813	3833	1
3814	3814	1
3814	3843	1
3815	3815	2
3815	3816	1
3815	3817	1
3816	3813	1
3816	3815	1
3817	3815	1
3817	3817	1
3818	3817	1
3821	3821	1
3821	3828	1
3822	3821	1
3827	3827	1
3828	3827	1
3828	3828	1
3833	3833	1
3843	3805	1
3843	3843	1
3846	3810	1
3846	3846	1
3849	3849	1
3857	3849	1
3902	3902	1
3903	3903	1
3903	6219	1
3920	3903	1
3920	3920	1
3921	3991	1
3936	3936	1
3937	3936	1
3937	3937	1
3939	3937	1
3945	3945	1
3945	3946	1
3946	3946	1
3946	3947	1
3947	3947	1
3956	3945	1
3957	3959	1
3959	3959	1
3959	3960	2
3960	3960	2
3960	3961	1
3961	3913	1
3972	3972	1
3973	3972	1
3973	3973	1
3980	3981	1
3981	3981	1
3981	3992	1
3983	3983	1
3983	3985	1
3985	3973	1
3985	3985	1
3987	3983	1
3991	3993	1
3992	3992	1
3992	4004	1
3993	7070	1
4000	4178	1
4003	3920	1
4004	4004	1
4059	4084	1
4060	4059	1
4062	4062	1
4062	4075	1
4071	4081	1
4075	4075	1
4075	4142	1
4081	4062	1
4081	4081	1
4084	4084	1
4084	4087	1
4085	4085	1
4085	4093	1
4086	4085	1
4086	4086	1
4087	4087	1
4088	4060	1
4088	4088	1
4091	4110	1
4093	4093	2
4093	4095	1
4094	4093	1
4095	4088	1
4095	4094	1
4095	4095	1
4097	4098	1
4098	4095	1
4098	4098	1
4101	4101	1
4102	4165	1
4110	4097	1
4110	4110	1
4124	4125	1
4125	4125	1
4125	4133	1
4133	4133	1
4136	4136	1
4137	7234	1
4141	4141	2
4142	4141	1
4142	4142	1
4148	4141	1
4148	4148	1
4149	4148	1
4149	4149	1
4150	4149	1
4150	4150	1
4152	4150	1
4158	4168	1
4159	7043	1
4160	4159	1
4161	4160	1
4165	4165	1
4165	4185	1
4168	4168	1
4178	3703	1
4178	4136	1
4178	4208	1
4178	5347	1
4178	6204	1
4178	6231	1
4178	7149	1
4178	7201	1
4182	4086	1
4185	4185	1
4202	4202	1
4203	4203	1
4207	4207	1
4207	4209	1
4208	4208	1
4209	4208	1
4219	4227	1
4226	4226	1
4226	4228	2
4227	4226	1
4227	4227	1
4228	4228	1
4228	4229	2
4229	4229	1
4229	4230	2
4230	4230	2
4230	4233	1
4230	4235	1
4233	4233	1
4235	4235	2
4246	4246	1
4246	4250	1
4247	4246	1
4248	4235	1
4248	4248	1
4249	4248	1
4250	4249	1
4250	4250	1
4301	4360	1
4302	4366	1
4303	4303	1
4303	4304	1
4305	4305	1
4305	4306	1
4306	4306	2
4307	4305	1
4307	4307	1
4308	4309	1
4309	4328	1
4311	4307	1
4314	4303	1
4315	4314	1
4316	4315	1
4318	4319	1
4319	4320	1
4320	4321	1
4321	4316	1
4323	4318	1
4326	4327	1
4327	4323	1
4328	4326	1
4330	4330	1
4332	4332	1
4334	4330	1
4334	4332	1
4334	4334	1
4335	4334	1
4346	4346	1
4346	4348	1
4348	5845	1
4351	4351	1
4356	4346	1
4356	4356	1
4357	4364	1
4359	4207	1
4359	4359	1
4360	4359	1
4360	4360	2
4361	4356	1
4363	4365	1
4364	4364	1
4364	6955	1
4365	4365	1
4365	4367	1
4366	4366	1
4366	4367	1
4367	4360	1
4367	4367	2
4369	4369	1
4372	4375	1
4373	4369	1
4375	4373	1
4375	4375	1
4380	4372	1
4380	4380	2
4381	4380	1
4382	4384	1
4384	4384	1
4384	4390	1
4385	4380	1
4385	4385	1
4386	4385	1
4386	4386	1
4387	4386	1
4387	4387	1
4388	4387	1
4390	4390	1
4393	4393	2
4393	4394	1
4393	5804	1
4394	4394	2
4394	4397	1
4394	4403	1
4396	4399	1
4397	4393	1
4397	4397	1
4397	4398	1
4398	5846	1
4399	4399	1
4399	4403	1
4401	4394	1
4401	4401	1
4402	4351	1
4403	4401	1
4403	4403	1
4403	4405	1
4405	4405	1
4405	4406	1
4406	4409	1
4408	4408	1
4408	4410	1
4409	4408	1
4410	4410	1
4410	4412	1
4412	4402	1
4412	4412	1
4414	4417	1
4415	4415	1
4416	5837	1
4417	4415	1
4417	4417	1
4457	4457	1
4457	5539	1
4460	4512	1
4460	4568	1
4461	4510	1
4466	4484	1
4468	4468	1
4477	4478	1
4478	4479	1
4479	1781	1
4479	1788	1
4482	4515	1
4484	4468	1
4484	4484	1
4485	4477	1
4487	4485	1
4489	4487	1
4510	4510	2
4510	4552	1
4510	5501	1
4512	4512	1
4512	4570	1
4515	4515	1
4515	4516	1
4516	4516	1
4521	4515	1
4521	4521	1
4532	4532	1
4532	4612	1
4534	4556	1
4552	4552	1
4555	4532	1
4555	4555	1
4555	4557	1
4556	4555	1
4557	4611	1
4564	4565	1
4565	4565	1
4565	4566	1
4566	4566	1
4568	4510	1
4568	4568	1
4570	4570	1
4572	4572	1
4573	4576	1
4576	4521	1
4580	4580	1
4582	4599	1
4589	4592	1
4590	4479	1
4590	4590	1
4591	1760	1
4592	4590	1
4596	4596	1
4596	4598	1
4597	4596	1
4597	4597	1
4598	4573	1
4599	4597	1
4602	4580	1
4602	4602	1
4604	1704	1
4611	4611	1
4611	5623	1
4612	4572	1
4629	1767	1
4629	4602	1
4629	7034	1
4634	1775	1
4634	5371	1
4634	6919	1
4657	2668	1
4667	4674	1
4672	4673	1
4673	2991	1
4673	4673	1
4674	4674	1
4686	4692	1
4689	4689	1
4689	4691	1
4691	4691	1
4692	4692	1
4692	4703	1
4697	4689	1
4697	4697	1
4701	4701	1
4703	4701	1
4703	4703	1
4759	4761	1
4760	4759	1
4761	4854	1
4767	4774	1
4769	4769	1
4769	4773	1
4770	4770	1
4770	4771	1
4771	4771	1
4773	4770	1
4773	4773	1
4774	4769	1
4774	4774	1
4779	4779	1
4784	4784	1
4784	4786	1
4785	4785	1
4785	4787	1
4786	4785	1
4787	4787	1
4790	4790	1
4790	4791	1
4791	4792	1
4792	4792	1
4796	4804	1
4804	4804	1
4804	4805	1
4805	4779	1
4805	4805	1
4806	4862	1
4851	4806	1
4854	4859	1
4857	4858	1
4858	4858	1
4858	4861	1
4859	4851	1
4861	4863	1
4862	4857	1
4867	4867	1
4867	4885	1
4872	4876	1
4873	4873	1
4874	4867	1
4874	4874	1
4875	4874	1
4876	4879	1
4877	4875	1
4877	4877	1
4878	4877	1
4879	4878	1
4879	4879	1
4885	4873	1
4885	4885	1
4895	4907	1
4896	4895	1
4897	4897	1
4897	4906	1
4898	4896	1
4898	4899	1
4899	4900	1
4900	4898	1
4900	4900	1
4900	4903	1
4901	4897	1
4902	4912	1
4903	4901	1
4904	4904	1
4904	4910	1
4906	4907	1
4907	4907	1
4907	4917	1
4909	4910	1
4910	4910	1
4910	4912	1
4911	4904	1
4911	4911	1
4912	4911	1
4912	4912	1
4912	4913	1
4913	4900	1
4914	4916	1
4916	4909	1
4917	4917	1
4955	4955	3
4955	4966	1
4955	7231	1
4964	4955	1
4964	4964	2
4964	4965	1
4964	4968	1
4965	4965	1
4965	4968	1
4966	4966	1
4968	4955	1
4968	5004	1
4969	4971	1
4971	4964	1
4971	4971	1
4972	4964	1
4975	4977	1
4976	4989	1
4977	4976	1
4978	4978	1
4980	5052	1
4982	4982	2
4982	4983	1
4983	4984	1
4984	4984	2
4984	4986	1
4986	4984	1
4986	4986	1
4986	4992	1
4988	4982	1
4989	4988	1
4989	4989	1
4990	4991	1
4991	4991	1
4991	5083	1
4992	4978	1
4992	4992	1
4992	4993	1
4993	4994	1
4993	4996	1
4994	4986	1
4994	4994	1
4995	5083	1
4996	4996	1
4996	4997	1
4997	4997	1
4999	4999	2
4999	5000	1
5000	5000	1
5000	5501	1
5001	4999	2
5001	5001	1
5002	2668	1
5002	5001	1
5002	5002	1
5003	5002	1
5003	5003	1
5003	5005	1
5004	5003	1
5004	5004	1
5005	5006	1
5006	3440	1
5012	4955	1
5015	5015	1
5016	5015	1
5018	5019	1
5019	5019	1
5019	5023	1
5022	5023	1
5023	2668	1
5023	5023	2
5024	5024	1
5025	5024	1
5036	5037	1
5037	5037	1
5037	5072	1
5051	5051	1
5051	5052	1
5052	3471	1
5052	5052	1
5053	5051	1
5053	5053	1
5059	5053	1
5059	5059	1
5059	5060	1
5060	5060	1
5060	5061	1
5061	5061	1
5063	5059	1
5063	5063	2
5064	5063	2
5064	5064	1
5069	5064	1
5072	5072	1
5083	4982	1
5083	4992	1
5083	5083	1
5116	5116	1
5116	5123	1
5117	5194	1
5120	5120	1
5122	5120	1
5122	5122	1
5123	5122	1
5124	5117	1
5124	5124	1
5125	5124	1
5137	5137	1
5137	5138	1
5138	5138	1
5140	5137	1
5150	3739	1
5154	5154	2
5154	5199	1
5156	5170	1
5163	5154	1
5170	4178	1
5170	5170	2
5170	5177	1
5171	5171	1
5176	5154	1
5176	5176	1
5177	5176	1
5177	5177	1
5177	5178	1
5178	5178	2
5178	5179	1
5178	5180	1
5179	5170	1
5179	5179	1
5180	5180	1
5180	5181	1
5180	5204	1
5181	5181	1
5181	5183	1
5183	5178	1
5183	5183	1
5190	5125	1
5192	4914	1
5194	5116	1
5196	5196	1
5199	5171	1
5199	5199	1
5204	5196	1
5204	5204	1
5263	5268	1
5265	5265	1
5267	5265	1
5267	5267	1
5268	5267	1
5268	5268	1
5284	5284	1
5294	5294	1
5294	6507	1
5300	5300	1
5302	5300	1
5302	5302	1
5304	5302	1
5306	5356	1
5307	4604	1
5307	5307	1
5307	5310	1
5307	5345	1
5310	5310	1
5313	5313	1
5314	5313	1
5315	5314	1
5315	5315	1
5316	5316	1
5316	6195	1
5325	5325	1
5325	5345	1
5326	5327	1
5327	5327	1
5331	5307	1
5331	5331	1
5340	5331	1
5340	5345	1
5340	5359	1
5345	5345	3
5345	5471	1
5347	4604	1
5347	5347	1
5349	5726	1
5356	5356	1
5358	5347	1
5359	4178	1
5359	5359	1
5361	5361	1
5361	5409	1
5363	5366	1
5364	5364	1
5366	5366	1
5367	5367	1
5369	5369	1
5370	5369	1
5371	5361	1
5371	5371	3
5371	5394	1
5372	5364	1
5387	5371	2
5387	5387	1
5390	5387	1
5394	5394	1
5394	5398	1
5395	5396	1
5396	5396	2
5396	5409	1
5398	5398	1
5402	5740	1
5405	5746	1
5406	5396	1
5409	4634	1
5409	5409	2
5429	5429	1
5430	5438	1
5435	5435	1
5435	5501	1
5436	5493	1
5438	5438	1
5438	5442	1
5440	5440	2
5440	5443	1
5440	5454	1
5441	5441	1
5441	5442	1
5441	5451	1
5442	5440	1
5442	5441	1
5442	5442	2
5442	5458	1
5443	5442	1
5443	5443	1
5444	2668	1
5444	5441	1
5445	5446	1
5446	5486	1
5448	5448	1
5448	5453	1
5449	5448	1
5449	5449	2
5450	5445	1
5450	5450	1
5451	2668	1
5451	5450	1
5451	5451	1
5453	5440	1
5453	5453	1
5454	5454	1
5458	5458	1
5460	5461	1
5461	5461	1
5462	5463	1
5463	5463	1
5463	5465	1
5464	5464	1
5464	5467	1
5464	5475	1
5465	5465	1
5467	4634	1
5467	5467	1
5467	5470	1
5469	5435	1
5469	5469	2
5469	5479	1
5470	5469	1
5470	5470	1
5471	5471	1
5472	5472	2
5472	5473	1
5473	5473	1
5475	5472	2
5475	5475	2
5476	4634	1
5476	5469	1
5477	5475	1
5477	5477	1
5478	5477	1
5478	5478	1
5479	5464	1
5479	5478	1
5479	5479	1
5486	5486	1
5486	5518	2
5488	5449	1
5493	2668	1
5493	5429	1
5493	5493	1
5494	5494	1
5501	2740	1
5501	5325	1
5501	5494	1
5501	5519	1
5501	7046	1
5501	7211	1
5509	3373	1
5509	5509	1
5510	5509	1
5510	5510	1
5513	5513	1
5514	1430	1
5516	5513	1
5516	5516	1
5517	5516	1
5517	5517	1
5518	5449	1
5518	5517	1
5518	5518	1
5519	5488	1
5519	5519	1
5526	5526	1
5526	5534	1
5528	5526	1
5534	5534	1
5538	5538	1
5539	5538	1
5539	5539	1
5552	5552	1
5552	5609	1
5559	5559	1
5559	5560	2
5560	4457	1
5560	5552	1
5560	5560	1
5570	5559	2
5609	3374	1
5609	5609	1
5615	5638	1
5623	5668	1
5627	5627	1
5627	5629	1
5628	5627	1
5629	5628	1
5629	5629	1
5629	5632	1
5630	5631	1
5631	5615	1
5631	5627	1
5631	5631	1
5632	5629	1
5632	5632	1
5632	5638	1
5633	5641	1
5634	5635	1
5635	5631	1
5635	5633	1
5637	5630	1
5637	5635	1
5638	5632	1
5638	5638	1
5641	5637	1
5641	5641	1
5642	5642	1
5643	5642	1
5653	5653	1
5662	5653	1
5668	5668	1
5668	5670	1
5670	5634	1
5670	5670	1
5674	5701	1
5681	5637	1
5682	5681	1
5684	5501	1
5684	5684	1
5687	5687	1
5687	5696	1
5688	5687	1
5696	5894	1
5701	5701	1
5701	5702	1
5702	5684	1
5702	5702	1
5703	5706	1
5704	5707	1
5705	5704	1
5705	5705	1
5706	5706	2
5706	5712	1
5707	5713	1
5708	5705	1
5711	5848	1
5712	5708	1
5712	5712	1
5713	5711	1
5713	5713	1
5726	5726	1
5726	5729	1
5728	5728	1
5729	5728	1
5729	5729	1
5729	5746	1
5731	4178	1
5740	5741	1
5741	5741	2
5742	5741	1
5742	5742	1
5746	5367	1
5746	5746	2
5748	5742	1
5748	5748	1
5749	5748	1
5752	5752	1
5756	4178	1
5756	5756	1
5759	5759	1
5759	5761	1
5759	5808	1
5761	5756	1
5761	5761	1
5761	5770	1
5762	5759	1
5762	5762	1
5769	5762	1
5769	5769	1
5770	5770	1
5770	5808	1
5771	5769	1
5779	5776	1
5779	5779	2
5780	5779	1
5781	5780	1
5781	5781	1
5787	5815	1
5789	5790	1
5790	5872	1
5803	5779	1
5804	5806	1
5805	4178	1
5805	5805	1
5806	5803	1
5808	5315	1
5808	5808	2
5812	5812	1
5812	5862	1
5815	5752	1
5824	5824	1
5837	5837	1
5840	4178	1
5843	5844	1
5844	4393	1
5844	4397	1
5844	4398	1
5844	5844	2
5844	5846	1
5845	5844	1
5846	4203	1
5846	5805	1
5846	5846	1
5848	5848	1
5850	5952	1
5851	5850	1
5861	5824	1
5862	5781	1
5862	5862	1
5862	5863	1
5863	5787	1
5863	5863	1
5863	5869	1
5867	5918	1
5868	5868	1
5869	5870	1
5870	5812	1
5870	5872	1
5872	5872	2
5872	5873	1
5873	5868	1
5873	5873	1
5877	5879	1
5879	5851	1
5879	5879	1
5880	5877	1
5885	5706	1
5885	5885	3
5885	5897	1
5886	5885	2
5886	5886	1
5887	5886	1
5892	5892	1
5892	5895	1
5894	5892	1
5894	5894	1
5895	5895	1
5895	5896	1
5896	5885	1
5896	5896	1
5897	5897	1
5908	5929	1
5918	5901	1
5918	5918	1
5929	5929	1
5935	5935	1
5935	7002	1
5936	5935	1
5944	5944	1
5945	5945	1
5946	5957	1
5947	5867	1
5947	5947	1
5948	5868	1
5948	5948	1
5949	5944	1
5950	5948	1
5950	5949	1
5950	5950	1
5951	5947	1
5951	5950	1
5951	5951	2
5951	5953	1
5952	5951	1
5952	5952	1
5952	5958	1
5953	5953	1
5953	5954	1
5954	5954	1
5954	5956	1
5955	5945	1
5955	5955	1
5956	5955	1
5956	5956	1
5957	5951	2
5957	5957	1
5958	5958	1
5959	5959	1
5959	5972	1
5959	7001	1
5960	5960	1
5963	5963	1
5963	5964	1
5963	5966	1
5964	5964	1
5964	5967	2
5965	5964	1
5965	5965	1
5966	5963	1
5966	5965	1
5966	5966	2
5967	5967	2
5971	5959	1
5971	5966	1
5972	5972	1
5972	5975	1
5973	5959	1
5973	5973	1
5973	5975	1
5975	5971	2
5975	5973	1
5975	5975	2
5977	5973	1
5993	5993	1
5993	5994	1
5994	5994	1
6001	6002	1
6002	5993	1
6002	6002	1
6009	6066	1
6018	6018	1
6022	6022	1
6029	6022	1
6029	6031	1
6030	6030	1
6030	6032	1
6031	6030	1
6032	6152	1
6047	6047	1
6047	6077	1
6052	6052	2
6052	6057	1
6053	6053	1
6053	6072	1
6055	6055	2
6055	6077	1
6055	6079	1
6056	6056	1
6057	6047	1
6057	6057	1
6057	6066	1
6058	6058	1
6058	6062	1
6060	6058	1
6061	6061	1
6061	6065	1
6062	6062	1
6062	6063	1
6063	6061	1
6063	6063	1
6065	6065	1
6065	6077	1
6066	6052	1
6066	6055	1
6066	6066	1
6071	6018	1
6072	6052	1
6075	6076	1
6076	6053	1
6076	6076	1
6077	6056	1
6077	6077	1
6077	6080	1
6078	6078	2
6078	6081	1
6079	6079	1
6079	6080	1
6080	6078	2
6080	6080	2
6081	6081	1
6081	6097	1
6083	6083	1
6083	6085	1
6085	6091	1
6091	6091	1
6091	6092	1
6092	6092	1
6095	6099	1
6096	6055	1
6096	6095	1
6096	6096	1
6097	6096	1
6099	6100	1
6100	6100	1
6101	6124	1
6102	6096	1
6104	6104	1
6108	6109	1
6109	6109	1
6109	6114	1
6111	6114	1
6112	6112	1
6113	6112	1
6113	6113	1
6114	4101	1
6114	6113	1
6114	6114	1
6117	6121	1
6118	6117	1
6118	6118	1
6119	6108	1
6119	6120	1
6120	6120	1
6120	6123	1
6121	6102	1
6122	6118	1
6122	6122	1
6122	6123	1
6123	6104	1
6123	6122	1
6123	6123	1
6124	6122	1
6124	6124	1
6127	6127	1
6128	6127	1
6133	6137	1
6134	6137	1
6136	6136	2
6136	6150	2
6137	6137	1
6137	6138	1
6138	6136	1
6139	6140	1
6140	6141	1
6141	6141	1
6141	6143	2
6143	5986	1
6143	6038	1
6143	6143	1
6145	6145	1
6147	6147	1
6147	6148	1
6148	6157	1
6149	6149	1
6150	6147	1
6150	6150	2
6150	6219	1
6151	6136	1
6151	6139	1
6151	6151	1
6152	6083	1
6152	6151	2
6156	6156	1
6156	6181	1
6157	6157	2
6157	6160	1
6158	6157	1
6160	6160	2
6161	6152	1
6165	4178	1
6165	6167	1
6167	6167	1
6179	6179	1
6180	6179	1
6180	6180	1
6180	6181	1
6181	6156	1
6181	6180	1
6181	6181	2
6194	5316	1
6195	6195	1
6199	6207	1
6204	6160	1
6204	6204	1
6207	6207	1
6209	5501	1
6211	6211	1
6211	6221	1
6211	6241	1
6215	6215	1
6215	6218	1
6216	6215	1
6216	6216	1
6218	6218	1
6219	6219	3
6219	6247	1
6220	6219	1
6220	6220	1
6220	6223	1
6221	3902	1
6221	6220	1
6221	6221	1
6222	6216	1
6222	6222	1
6223	6222	1
6223	6223	1
6223	6300	1
6225	4178	1
6227	6314	1
6228	5501	1
6228	6228	1
6229	6227	1
6229	6229	2
6230	6228	1
6230	6229	2
6230	6230	1
6231	6231	2
6231	6232	1
6232	6230	1
6232	6232	1
6234	6234	1
6241	6241	1
6243	6145	1
6243	6149	1
6243	6243	2
6243	6249	1
6243	6314	1
6244	6244	1
6245	6243	1
6245	6245	2
6245	6246	1
6246	6245	1
6246	6246	1
6246	6251	1
6247	6211	1
6247	6245	1
6247	6247	2
6248	6252	1
6249	6252	1
6250	6248	1
6251	6247	1
6251	6251	1
6251	6256	1
6252	6252	2
6252	6295	1
6252	6299	1
6254	6254	1
6256	6250	1
6256	6256	1
6258	6244	1
6265	6314	1
6275	6243	1
6295	6254	1
6295	6295	1
6298	6246	1
6299	6302	1
6300	6298	1
6300	6300	1
6302	6302	1
6304	6234	1
6305	6304	1
6306	6305	1
6306	6306	1
6307	6308	1
6308	6306	1
6308	6308	1
6308	6314	1
6310	6231	1
6311	6311	1
6311	6312	1
6312	6310	1
6312	6312	1
6314	6308	1
6314	6311	1
6314	6314	3
6314	6317	1
6317	4604	1
6317	6317	1
6320	6320	1
6330	6330	1
6330	6341	1
6332	6330	1
6332	6332	1
6334	6332	1
6341	6320	1
6341	6341	1
6344	6344	1
6344	6351	1
6345	6346	1
6346	6344	1
6346	6346	1
6350	6350	1
6351	6350	1
6351	6351	1
6379	6379	1
6379	6481	1
6388	6388	1
6388	6391	1
6389	6388	1
6389	6389	2
6389	6390	1
6390	6389	1
6390	6390	2
6390	6392	1
6391	6391	1
6391	6477	1
6392	6392	1
6392	6452	1
6397	6389	1
6397	6397	1
6402	6397	1
6403	6392	1
6422	6422	1
6422	6423	1
6423	6423	1
6423	6467	1
6424	6422	1
6424	6424	1
6425	6424	1
6432	6432	1
6433	6432	1
6433	6433	1
6434	6433	1
6434	6434	1
6442	6434	1
6442	6442	1
6445	6442	1
6452	6390	1
6467	3508	1
6475	6403	1
6481	3540	1
6481	6481	1
6481	6488	1
6488	6488	1
6488	6489	1
6489	6498	1
6492	5294	1
6498	6498	2
6502	6498	1
6507	5284	1
6507	6507	1
6584	6584	1
6589	6609	1
6597	6584	1
6609	6609	1
6609	6652	1
6652	6597	1
6652	6652	1
6705	7253	1
6709	6709	1
6713	6709	1
6713	6713	1
6715	6713	1
6715	7253	1
6718	6718	1
6721	7253	1
6722	6718	1
6723	6723	1
6723	6803	1
6726	6726	1
6728	6731	1
6730	6726	1
6730	6730	1
6731	6731	1
6732	6733	1
6733	6733	1
6737	6743	1
6743	6743	2
6743	6814	1
6743	7253	1
6744	6744	1
6744	7253	1
6747	6743	1
6748	6751	1
6751	6751	1
6751	6814	1
6756	6744	1
6757	7253	1
6758	6767	1
6761	7253	1
6766	6766	1
6767	6826	1
6769	6767	1
6773	6767	1
6777	6777	1
6777	7253	1
6778	6778	1
6779	6789	1
6781	6781	1
6781	6782	1
6782	6782	1
6782	6783	1
6783	6783	1
6783	6787	1
6786	6863	1
6787	6787	1
6787	6788	1
6788	979	1
6788	6788	1
6789	6781	1
6789	6789	1
6790	6767	1
6790	6790	1
6791	6790	1
6791	6791	2
6796	6791	2
6796	6796	1
6797	6777	1
6797	6778	1
6797	6797	2
6798	6796	1
6798	6797	2
6798	6798	2
6798	6799	1
6799	6799	1
6800	6798	2
6800	6800	2
6800	6803	1
6801	6800	2
6801	6801	1
6802	6802	1
6803	6802	1
6803	6803	2
6805	6723	1
6809	7253	1
6811	7253	1
6814	6814	2
6820	6820	1
6820	7261	1
6824	6766	1
6824	6824	1
6825	979	1
6826	6824	1
6826	6826	1
6830	6860	1
6835	7253	1
6837	6837	1
6837	6839	1
6839	6801	1
6839	6839	2
6842	6839	1
6842	6842	3
6842	6843	1
6843	6837	1
6843	6842	1
6843	6843	2
6843	6844	1
6844	6842	1
6844	6844	2
6845	6767	1
6845	6845	1
6846	6843	1
6846	6844	1
6846	6845	1
6852	1292	1
6852	6852	2
6852	6854	1
6854	6854	1
6859	6842	1
6860	6860	1
6860	6878	1
6863	6863	1
6867	6869	1
6868	6868	1
6869	6868	1
6869	6869	1
6878	6878	1
6878	6879	1
6879	6879	1
6880	6880	1
6880	6895	1
6880	6915	1
6883	6887	1
6884	6884	1
6884	6889	1
6885	6885	1
6885	6889	1
6886	6885	1
6886	6886	1
6887	6884	1
6889	6889	2
6889	6890	1
6890	6890	1
6890	6917	1
6892	6886	1
6892	6892	1
6893	6893	1
6894	6894	2
6894	6897	2
6895	6895	1
6895	6896	1
6895	6920	1
6896	6894	1
6896	6896	1
6896	6914	1
6897	6897	2
6897	6898	2
6898	6893	1
6898	6895	1
6898	6898	1
6903	6894	1
6913	6880	1
6913	6914	1
6914	6892	1
6914	6913	1
6914	6914	2
6915	1553	1
6915	6915	1
6917	6918	1
6918	6918	1
6919	6919	2
6920	6919	1
6920	6920	1
6923	6923	1
6928	6928	1
6929	6928	1
6931	6767	1
6931	6931	1
6931	6946	1
6932	6932	1
6932	6933	1
6933	6933	1
6935	6935	1
6938	6923	1
6938	6938	1
6939	6932	1
6942	6935	1
6942	6938	1
6942	6942	1
6944	7270	1
6945	6946	1
6946	6946	2
6946	7279	1
6947	4629	1
6947	6947	1
6947	6948	1
6947	7280	1
6948	4604	1
6948	6942	1
6948	6948	1
6948	7038	1
6958	6955	1
6965	6965	1
6977	6979	1
6979	6979	1
6979	6980	1
6980	6980	1
6980	6985	1
6980	6991	1
6985	6985	1
6988	1695	1
6988	6988	1
6991	6988	1
6995	5960	1
6995	6995	1
6996	6995	1
7001	7002	1
7002	4306	1
7002	7002	2
7004	7004	1
7005	7004	1
7005	7005	1
7010	6955	1
7013	7005	1
7019	7019	2
7020	7019	1
7023	7019	1
7023	7023	1
7026	4604	1
7028	7028	1
7029	4202	1
7030	7028	1
7034	7034	2
7035	7035	1
7036	7035	1
7036	7036	1
7038	7038	1
7039	7040	1
7040	7040	1
7042	4178	1
7043	4178	1
7043	7043	1
7043	7045	1
7044	7044	1
7044	7057	1
7045	7044	1
7045	7045	1
7046	7046	1
7050	5501	1
7053	7055	1
7054	7054	1
7054	7380	1
7055	7054	1
7055	7055	1
7055	7056	1
7056	7056	1
7056	7057	1
7057	7057	2
7069	7069	1
7069	7081	1
7069	7099	1
7070	7069	1
7070	7070	1
7072	4178	1
7073	7105	1
7076	7108	1
7077	7077	1
7079	7077	1
7079	7079	1
7079	7152	1
7080	7079	1
7080	7080	2
7081	7080	1
7081	7081	1
7081	7099	2
7086	7086	1
7086	7087	1
7087	7087	1
7087	7088	1
7088	7088	1
7088	7092	1
7089	7090	1
7090	7086	1
7092	7399	1
7099	7080	1
7099	7099	3
7099	7130	1
7103	7076	1
7105	7105	1
7105	7111	1
7106	4178	1
7106	7106	1
7106	7110	1
7107	7107	1
7107	7108	1
7108	7072	1
7108	7108	4
7108	7109	2
7109	7106	1
7109	7109	2
7109	7114	1
7110	7107	1
7110	7110	1
7110	7114	2
7111	7111	1
7114	4178	1
7114	7114	3
7116	7109	1
7117	7117	1
7119	7108	1
7120	7153	1
7130	7130	1
7130	7131	1
7131	7131	1
7131	7134	1
7131	7138	1
7134	7400	1
7135	7135	1
7138	7138	1
7138	7148	1
7140	7140	1
7140	7141	1
7141	7141	1
7141	7152	1
7142	7140	1
7148	7135	1
7149	7149	2
7149	7153	1
7152	7120	1
7152	7149	1
7152	7152	1
7152	7153	1
7153	7108	1
7153	7152	1
7153	7153	3
7153	7154	1
7154	7119	1
7160	7161	1
7161	7161	1
7161	7162	2
7162	7162	1
7162	7163	2
7163	7163	2
7163	7164	1
7165	7170	1
7166	7167	1
7167	7165	1
7169	7153	1
7170	7169	1
7170	7170	1
7172	7173	1
7172	7176	1
7173	7184	1
7176	4178	1
7176	7176	1
7182	7185	1
7184	7182	1
7184	7184	1
7185	7191	1
7190	7190	1
7191	7190	1
7191	7191	2
7192	7191	1
7194	7192	1
7194	7194	1
7195	7194	1
7196	7196	1
7197	7196	1
7197	7197	1
7201	7201	1
7205	7210	1
7209	7197	1
7209	7209	1
7210	7209	1
7210	7210	1
7211	7211	1
7212	7213	1
7213	7213	1
7230	7231	1
7231	7231	1
7231	7234	1
7234	7234	1
7235	7235	2
7235	7240	1
7236	7236	1
7236	7238	1
7236	7239	1
7236	7241	1
7238	7236	1
7238	7238	1
7238	7241	1
7239	7239	1
7240	7240	1
7240	7241	1
7240	7253	1
7241	7241	1
7245	7250	2
7246	7246	1
7247	7246	1
7247	7247	1
7248	7247	1
7249	7241	1
7250	7235	2
7250	7250	2
7251	7253	1
7252	7253	1
7252	99999923	1
7253	7241	1
7257	6820	1
7257	7257	1
7258	7258	1
7258	7259	1
7258	7264	1
7259	7257	1
7259	7258	1
7259	7259	2
7260	7260	1
7261	7258	1
7261	7260	1
7261	7261	2
7263	7263	1
7263	7265	1
7264	7259	1
7264	7263	1
7264	7264	1
7264	7265	1
7264	7266	1
7265	6931	1
7265	7265	1
7265	7266	1
7266	7266	1
7266	7268	1
7268	7268	1
7270	6945	1
7270	7253	1
7270	7270	1
7272	7272	1
7278	7278	1
7279	6955	1
7279	7261	1
7279	7278	1
7279	7279	1
7280	7280	1
7281	7282	1
7282	6955	1
7282	7282	2
7283	6947	1
7283	7283	1
7284	7283	1
7285	6948	1
7286	4604	1
7286	7286	1
7287	7287	1
7287	7294	1
7288	7287	1
7288	7288	1
7291	6965	1
7292	4629	1
7293	7293	1
7293	7294	1
7294	7286	1
7294	7288	1
7294	7293	1
7294	7294	2
7294	7295	1
7295	7295	1
7296	7282	1
7299	7299	1
7299	7307	1
7300	7034	1
7301	7299	1
7301	7301	1
7302	7301	1
7307	7036	1
7307	7307	1
7309	7309	1
7310	7315	1
7313	7313	2
7313	7325	1
7313	99999917	1
7314	7313	2
7315	7315	2
7315	99999923	1
7316	7315	1
7317	7317	1
7318	7317	1
7323	7324	1
7324	7324	1
7325	7325	2
7328	7328	1
7328	7336	1
7329	7328	1
7335	7335	1
7336	7336	1
7337	7338	1
7338	7338	1
7338	7386	1
7339	7325	1
7341	4604	1
7352	5501	1
7353	7353	1
7355	7353	1
7357	5501	2
7358	4178	1
7359	7361	1
7360	7360	2
7360	7399	1
7361	7360	1
7361	7361	1
7362	7399	1
7363	7371	1
7365	7365	2
7365	7399	1
7366	7399	1
7368	7365	1
7368	7368	1
7369	7368	1
7371	7371	1
7373	7373	1
7373	7383	1
7374	7373	1
7375	7375	1
7375	7387	1
7376	7375	1
7378	7399	1
7380	7380	1
7381	4604	1
7381	7399	1
7381	7400	1
7383	7365	1
7384	7385	1
7385	7385	2
7386	7385	1
7386	7386	1
7387	7387	1
7388	7396	1
7390	7390	1
7391	7399	1
7393	7399	1
7396	7397	1
7397	7397	1
7397	7398	1
7398	7390	1
7398	7398	1
7399	7122	1
7399	7335	1
7399	7360	1
7399	7399	1
7400	7400	2
99999917	7309	1
99999921	7272	1
