ORIG	DEST	N_TOT
5	10	1
7	7	1
7	1242	1
9	13	1
10	9	1
11	5	1
13	13	1
18	92	1
27	27	1
27	28	1
28	28	1
28	39	1
29	27	1
30	30	1
30	31	1
30	32	1
31	31	1
32	33	1
33	33	1
33	35	1
35	29	1
35	35	1
39	41	1
40	40	1
40	46	1
41	40	1
41	41	1
46	46	1
54	54	1
61	62	1
62	63	1
63	54	1
63	63	1
77	30	1
77	77	1
80	77	1
83	83	1
83	166	1
88	89	1
89	89	1
89	176	1
92	92	1
93	93	1
93	96	1
93	97	1
94	18	1
94	94	2
95	94	2
95	95	1
96	11	1
96	95	2
96	96	2
97	96	2
97	97	2
98	97	1
110	110	1
111	110	1
111	111	1
112	111	1
115	115	1
115	121	1
120	120	2
120	127	2
121	120	2
121	121	1
122	115	1
122	122	1
126	128	1
127	126	1
127	127	2
128	132	1
130	130	1
132	132	1
132	134	1
134	134	1
138	138	1
138	149	1
139	138	1
141	122	1
143	130	1
143	143	1
144	143	1
144	144	2
145	144	2
148	150	1
149	148	1
149	149	1
150	150	1
150	152	1
151	151	1
152	151	1
152	152	1
161	93	1
163	173	1
165	7	1
165	165	1
166	165	1
166	166	1
171	172	1
172	172	1
172	174	1
173	174	1
174	174	1
174	580	1
175	178	1
175	582	1
176	175	1
177	163	1
178	177	1
196	196	1
196	560	1
197	196	1
198	198	1
201	206	1
206	206	1
206	212	1
206	245	1
209	198	1
212	212	1
212	979	1
215	215	1
215	979	1
228	228	1
228	1008	1
231	231	1
231	3362	1
237	1044	1
242	215	1
245	245	1
266	266	1
266	282	1
267	267	1
279	266	1
281	228	1
282	267	1
282	279	1
282	282	1
283	282	1
284	289	1
285	284	1
287	287	1
287	979	1
288	287	1
288	288	1
288	290	1
289	288	1
290	291	1
291	292	1
292	293	1
293	294	1
294	295	1
295	283	1
300	564	1
302	302	1
302	524	1
304	525	1
308	308	1
308	979	1
332	332	1
332	344	1
343	343	1
343	345	1
344	344	2
344	393	1
344	474	1
345	344	1
346	343	1
347	346	1
351	374	1
352	351	1
352	352	2
352	354	1
353	351	1
353	354	1
354	352	1
354	353	1
354	354	2
362	367	1
363	362	1
367	367	1
367	369	1
367	377	1
368	363	1
368	368	1
369	369	1
369	370	1
370	370	1
370	371	1
370	372	1
371	368	1
372	352	1
372	370	1
372	372	1
374	374	1
377	377	1
377	2844	1
392	392	1
393	394	1
393	396	1
394	393	1
394	394	2
394	398	1
395	394	1
395	395	1
395	398	1
396	392	1
396	396	1
397	399	1
398	395	1
398	442	1
399	398	1
402	402	1
403	402	1
405	406	1
406	403	1
416	2885	1
419	419	1
419	420	1
420	420	1
420	2662	1
437	405	1
437	437	1
438	437	1
439	438	1
440	439	1
441	440	1
441	441	1
442	441	1
442	442	1
449	449	1
449	718	1
451	451	1
452	460	1
454	449	1
454	454	1
460	454	1
460	460	1
461	463	1
462	461	1
470	2668	1
473	308	1
474	474	2
474	522	1
478	479	1
479	462	1
480	478	1
481	480	1
481	4604	1
483	486	1
484	481	1
486	484	1
489	489	1
490	483	1
491	490	1
493	491	1
497	497	1
497	979	1
498	498	1
499	498	1
511	511	1
511	541	1
512	512	1
512	513	1
513	511	1
513	513	1
520	520	1
521	520	1
522	522	1
523	523	1
524	523	1
525	302	1
525	525	1
541	541	1
559	559	1
560	560	1
560	561	1
561	561	1
561	571	1
562	563	1
563	563	1
563	564	1
564	564	1
564	565	1
564	567	1
565	559	1
565	565	1
566	566	1
566	568	1
567	566	1
567	567	1
568	568	1
571	571	1
572	572	1
577	171	1
579	577	1
579	579	2
580	579	1
580	580	1
581	582	1
582	83	1
582	579	1
582	582	2
588	588	1
588	885	1
599	562	1
603	572	1
610	599	1
611	611	1
615	615	1
615	617	1
616	616	1
616	618	1
616	908	1
617	588	1
617	617	1
618	618	1
631	631	1
631	655	1
632	633	1
633	631	1
633	633	1
637	611	1
639	512	1
640	639	1
641	641	1
641	643	1
642	641	1
643	640	1
643	643	1
645	511	1
655	655	1
658	659	1
659	659	1
659	660	1
660	660	1
660	664	1
664	664	1
664	3362	1
678	678	1
688	979	1
692	493	1
694	497	1
695	696	1
696	696	1
696	701	1
701	489	1
701	701	1
715	451	1
715	715	1
716	715	1
716	716	1
717	716	1
718	718	1
718	740	1
729	416	1
739	739	1
740	740	1
740	777	1
741	741	1
741	776	1
743	741	1
743	743	1
751	419	1
768	743	1
771	771	1
771	810	1
776	776	1
777	739	1
777	777	1
780	795	1
781	771	1
781	781	1
782	781	1
782	782	1
784	782	1
784	784	1
785	784	1
795	795	1
795	796	1
796	796	1
796	797	1
797	803	1
803	806	1
804	807	1
806	804	1
807	807	1
807	809	1
808	807	1
808	808	2
808	817	1
809	808	1
810	808	1
810	810	1
826	827	1
827	827	1
827	828	1
828	832	1
832	832	1
832	850	1
837	840	1
840	678	1
840	840	1
843	843	1
844	843	1
844	844	1
848	844	1
848	848	1
848	851	1
849	848	1
849	849	1
850	848	1
850	850	1
851	851	1
854	849	1
860	862	1
861	861	2
861	864	1
861	867	1
862	862	1
862	863	2
863	861	2
863	863	2
864	866	1
864	913	1
866	866	1
866	869	1
867	867	1
867	869	1
868	868	1
869	869	2
883	868	1
883	883	1
885	883	1
885	885	1
907	907	1
908	907	1
908	908	1
909	616	1
910	909	1
911	910	1
913	914	1
914	911	1
922	922	1
923	922	1
933	862	1
935	615	1
940	93	1
947	947	1
947	1377	1
951	951	1
951	952	1
952	947	1
952	952	1
953	951	1
954	953	1
954	954	1
955	954	1
956	955	1
964	967	1
967	967	1
967	979	1
968	968	1
968	992	1
979	474	1
979	908	1
979	979	1
979	1051	1
979	1381	1
979	1458	1
979	1471	1
979	1897	1
979	2348	1
980	1379	1
986	979	1
986	986	1
987	986	1
988	987	1
989	989	1
989	998	1
991	989	1
991	991	1
992	991	1
992	992	1
993	968	1
998	998	1
1008	1436	1
1010	1012	1
1012	1009	1
1012	1012	1
1020	2032	1
1022	1044	1
1032	1032	1
1032	2007	1
1033	1032	1
1033	1033	1
1034	1042	1
1035	1035	1
1035	1043	1
1036	1036	1
1041	1041	1
1041	1044	1
1042	1035	1
1042	1042	1
1043	1043	1
1043	1045	1
1044	1033	1
1044	1044	1
1044	1047	1
1044	1061	1
1044	2619	1
1045	1036	1
1045	1045	1
1047	1047	1
1048	1041	1
1048	1048	1
1049	1048	1
1051	1051	1
1057	1057	2
1057	1061	1
1058	1057	1
1058	1058	1
1061	1061	1
1061	1063	1
1061	2311	1
1062	1057	1
1062	1058	1
1062	1062	2
1063	1062	2
1063	1063	1
1065	1065	1
1065	2503	1
1071	1074	1
1072	1071	1
1073	1072	1
1074	1074	1
1074	1079	1
1074	1080	1
1078	1073	1
1078	1074	1
1079	1079	1
1079	2049	1
1079	5514	1
1153	7253	1
1154	1154	1
1154	1156	1
1155	1154	1
1156	1153	1
1156	1156	1
1162	1162	1
1166	1203	1
1167	1166	1
1168	1167	1
1174	1294	1
1186	1186	1
1189	1156	1
1189	1189	1
1191	1186	1
1191	1191	1
1192	1214	1
1193	1191	1
1193	1193	1
1201	1201	1
1201	1203	1
1202	1204	1
1202	1213	1
1203	1193	1
1203	1202	1
1203	1203	1
1204	1207	1
1204	5514	1
1207	1189	1
1212	1201	1
1212	1212	1
1213	1212	1
1214	1214	1
1214	1220	2
1215	1215	1
1215	6767	1
1217	1204	1
1218	1217	1
1218	1218	1
1218	7253	1
1219	1215	1
1219	1220	1
1220	1174	1
1220	1219	1
1220	1220	1
1220	1221	1
1221	1218	1
1221	1219	1
1221	1222	1
1222	1230	1
1225	1218	1
1230	1225	1
1242	1242	1
1254	7263	1
1289	1289	1
1289	1291	1
1291	1221	1
1293	1289	1
1294	1294	1
1294	1295	1
1295	1162	1
1295	1295	1
1353	1008	1
1354	6870	1
1374	3362	1
1379	1379	1
1381	980	1
1381	1381	1
1382	979	1
1386	1386	1
1387	1386	1
1387	1387	1
1388	1387	1
1388	1388	1
1390	1388	1
1398	1399	1
1399	1399	1
1399	1403	1
1401	1401	1
1403	1401	1
1403	1403	2
1410	1412	1
1412	1412	1
1412	1414	1
1414	1414	1
1414	1416	1
1415	1010	1
1415	1415	1
1416	1415	1
1416	1416	1
1424	1424	1
1424	1427	1
1425	1426	1
1426	1426	1
1427	1427	1
1427	1431	1
1428	1424	1
1428	1428	1
1429	1428	1
1431	1431	1
1436	1436	1
1437	1437	1
1441	1437	1
1441	1441	1
1443	1441	1
1458	1458	1
1458	1460	1
1460	1403	1
1460	1460	1
1464	1464	1
1471	1464	1
1471	1471	1
1481	979	1
1481	1484	1
1486	1487	1
1487	1481	1
1488	1488	1
1488	1489	1
1488	1490	1
1489	1488	1
1489	1489	1
1489	1492	1
1490	1488	1
1490	1490	1
1490	1504	1
1492	1492	1
1492	1495	1
1492	1496	1
1492	1521	1
1494	1495	1
1495	1492	1
1495	1495	1
1496	1489	1
1498	1498	1
1500	1490	1
1501	1500	1
1504	1486	1
1516	1498	1
1521	1521	1
1521	1522	1
1522	1522	1
1522	6852	1
1557	1558	1
1558	1558	1
1562	1562	1
1576	1583	1
1578	1578	1
1578	1600	1
1579	1578	1
1579	1579	1
1580	1580	1
1583	1579	1
1583	1583	1
1600	1580	1
1600	1600	1
1607	1608	1
1608	1608	1
1608	1639	1
1614	1695	1
1639	1639	1
1639	1640	1
1640	1640	1
1640	1641	1
1641	1641	1
1641	1642	1
1642	1642	1
1642	1652	1
1652	1652	1
1652	1653	1
1653	1653	1
1653	1654	1
1661	1707	1
1695	1695	1
1704	1726	1
1707	1708	1
1708	1709	1
1709	1712	1
1712	1712	1
1712	1713	1
1712	1730	1
1713	1713	1
1713	1714	1
1714	1714	1
1714	1730	1
1715	1729	1
1716	1710	1
1716	1716	1
1716	1721	1
1719	1716	1
1721	1704	1
1722	1723	1
1723	1716	1
1724	1722	1
1724	1724	1
1726	1724	1
1726	1726	1
1729	1712	1
1729	1729	1
1730	1730	1
1730	1737	1
1731	1731	1
1731	1733	1
1732	1731	1
1732	1949	1
1733	1735	1
1734	1734	1
1734	1829	1
1735	1736	1
1736	1734	1
1736	1736	1
1737	1719	1
1737	1739	1
1738	1738	1
1738	1740	1
1738	1741	1
1739	1942	1
1740	1740	1
1740	1743	1
1741	1726	1
1741	1741	2
1741	1747	1
1742	1738	1
1742	1742	1
1742	1744	1
1743	1738	1
1743	1743	1
1744	1742	1
1744	1744	1
1747	1742	1
1747	1747	1
1748	1778	1
1749	1749	1
1749	1750	1
1749	1798	1
1750	1750	1
1750	1774	1
1761	1761	1
1765	1761	1
1765	1765	1
1766	1766	1
1769	1770	1
1770	1766	1
1770	1770	1
1772	1769	1
1772	1772	1
1774	1772	1
1774	1774	2
1776	1749	1
1778	1778	1
1778	1779	1
1779	1765	1
1780	1774	1
1780	1780	1
1785	1792	1
1788	1790	1
1790	1780	1
1790	1790	1
1792	1792	1
1792	1794	1
1794	1794	1
1794	1795	1
1795	1795	1
1795	1802	1
1796	1796	1
1796	1797	1
1797	1748	1
1797	1797	1
1798	1796	1
1802	1802	1
1802	1803	1
1803	1803	1
1819	4629	1
1824	1845	1
1828	1828	1
1829	1828	1
1829	1829	1
1844	1824	1
1845	1846	1
1846	1870	1
1851	1867	1
1865	1869	1
1866	1865	1
1867	1866	1
1868	1851	1
1869	1871	1
1870	1868	1
1871	1877	1
1874	1874	1
1874	1891	1
1875	1874	1
1877	1877	1
1882	1882	1
1882	1900	1
1883	1883	1
1891	979	1
1891	1891	1
1897	1897	1
1897	1898	1
1898	1899	1
1900	1883	1
1910	1911	1
1911	1911	1
1911	1912	1
1912	1912	1
1912	1913	1
1913	1882	1
1913	1913	1
1933	1933	1
1933	1951	1
1936	1732	1
1937	1937	2
1937	1939	1
1937	1951	1
1939	1933	1
1939	1939	1
1949	1557	1
1949	1949	1
1950	1936	1
1951	1951	2
1952	1732	1
1953	1737	1
1953	1953	1
1954	1958	1
1954	4634	1
1955	1956	1
1956	1956	1
1956	1957	1
1957	1960	1
1958	1950	1
1958	1958	2
1958	1959	1
1958	1960	1
1959	1958	1
1959	1959	1
1959	1961	2
1960	1958	1
1960	1960	1
1960	1962	1
1961	1953	1
1961	1959	1
1961	1961	1
1961	1966	1
1962	1962	1
1966	1661	1
2002	4629	1
2004	4477	1
2007	2007	1
2007	2009	1
2009	2009	1
2011	2018	1
2018	979	1
2018	2018	1
2032	2034	1
2033	2033	1
2033	2037	1
2034	2041	1
2041	2069	1
2049	2049	1
2050	2051	1
2051	2051	1
2051	2069	1
2057	1078	1
2069	2057	1
2069	2069	1
2069	2163	1
2070	2070	1
2070	2164	1
2092	2092	1
2093	2092	1
2093	2093	1
2095	2093	1
2107	2107	1
2107	4453	1
2110	2107	1
2114	2114	1
2123	2129	1
2129	2129	1
2129	4634	1
2133	2133	1
2133	2142	1
2141	2133	1
2142	2142	1
2142	2143	1
2143	2143	1
2163	2070	1
2164	2164	1
2174	2174	1
2174	2477	1
2175	2174	1
2175	2175	1
2180	2180	1
2186	2186	1
2186	2196	1
2196	2180	1
2196	2196	1
2251	1044	1
2251	2251	1
2251	2330	1
2252	2175	1
2252	2251	1
2257	2261	1
2261	2261	2
2261	2575	1
2266	2266	1
2266	2680	1
2287	2287	1
2287	2668	1
2289	2287	1
2295	2295	1
2295	2411	1
2296	2295	1
2304	2305	1
2305	2309	1
2308	2308	1
2308	2552	1
2309	2316	1
2311	2308	1
2316	2317	1
2317	2319	1
2319	2342	1
2322	2322	1
2322	2324	1
2323	2322	1
2324	2324	1
2324	2340	1
2330	2330	1
2330	2502	1
2331	2186	1
2331	2331	1
2332	2332	1
2332	2502	1
2335	979	1
2340	2340	1
2342	2323	1
2342	2342	1
2348	2348	1
2348	2349	1
2349	2331	1
2349	2349	1
2350	2361	1
2352	2352	1
2352	2359	1
2356	2379	1
2357	2332	1
2357	2357	1
2358	2357	1
2358	2358	1
2359	2358	1
2359	2359	1
2361	2352	1
2369	2393	1
2370	2369	1
2370	2370	1
2371	2370	1
2371	2371	1
2379	2379	1
2379	2480	1
2379	2481	1
2381	2370	1
2381	2473	1
2384	2371	1
2388	2389	1
2389	2384	1
2389	2389	2
2390	2390	1
2394	2389	1
2394	2395	1
2395	2395	1
2395	2408	1
2405	2406	1
2406	2407	1
2407	2428	1
2408	2408	1
2408	2409	1
2409	2409	1
2409	2410	1
2410	2390	1
2410	2410	1
2411	2411	1
2417	2417	1
2418	2417	1
2418	2418	1
2419	2419	1
2419	2423	1
2420	2420	1
2420	2679	1
2421	2421	1
2421	2679	1
2423	2423	1
2426	2429	1
2427	2426	1
2428	2394	1
2429	2388	1
2429	2429	1
2431	2405	1
2434	2435	1
2435	2431	1
2454	2458	1
2455	2454	1
2458	2459	1
2459	2459	1
2459	2461	1
2460	2460	1
2460	2472	1
2461	2460	1
2461	2461	1
2467	2467	1
2468	2467	1
2468	2468	1
2469	2468	1
2470	2470	1
2472	2470	1
2473	2473	2
2473	2474	2
2474	2381	1
2474	2474	2
2474	2476	1
2476	2477	1
2477	2477	2
2477	2478	1
2478	2478	1
2480	2480	1
2481	2481	1
2481	3362	1
2502	1065	1
2502	2502	2
2503	2503	1
2505	231	1
2513	2513	1
2513	2530	1
2518	2518	1
2520	2529	1
2521	2518	1
2521	2521	1
2529	2513	1
2529	2529	1
2530	2530	1
2530	2531	1
2531	2531	1
2533	2533	1
2536	2521	1
2536	2536	2
2536	2539	1
2537	2536	2
2537	2537	2
2538	2537	1
2538	2538	1
2538	2539	1
2539	2539	1
2539	2540	1
2539	2602	1
2540	2537	1
2540	2540	1
2540	2602	1
2541	2533	1
2541	2541	1
2552	2550	1
2552	2552	1
2575	2580	1
2580	2580	1
2580	2588	1
2588	2589	1
2589	2589	1
2589	2590	1
2590	2590	1
2590	2592	1
2591	2591	2
2591	2609	1
2592	2591	2
2592	2592	1
2601	2538	1
2601	2541	1
2601	2601	1
2602	2601	2
2602	2602	1
2613	353	1
2613	2613	1
2614	2613	1
2614	2614	1
2615	2614	1
2618	2618	1
2619	2618	1
2619	2619	1
2623	2624	1
2624	332	1
2624	2624	1
2653	2861	1
2657	2658	1
2658	2658	1
2658	2659	1
2658	3362	1
2659	2653	1
2662	780	1
2668	2419	1
2668	3441	1
2672	2266	1
2679	2420	1
2679	2421	1
2679	2679	2
2680	2418	1
2680	2680	1
2716	2723	1
2717	2717	1
2717	2721	1
2719	2719	1
2721	2719	1
2721	2721	1
2723	2723	1
2723	2725	1
2725	2717	1
2725	2725	1
2726	2727	1
2727	3351	1
2728	2662	1
2728	2728	1
2731	2705	1
2731	2731	2
2731	2732	1
2732	2733	1
2732	2775	1
2733	2733	1
2733	2735	1
2734	2731	1
2735	2731	1
2738	4721	1
2742	4694	1
2744	2742	1
2744	2744	1
2745	2745	1
2745	2750	1
2749	2745	1
2749	2749	1
2750	2744	1
2751	2749	1
2752	2751	1
2759	2760	1
2760	2738	1
2761	2759	1
2761	2761	1
2762	2762	1
2762	2763	1
2763	2761	1
2764	2762	1
2764	2764	1
2765	2764	1
2765	2765	1
2766	2769	1
2769	2765	1
2769	2769	1
2775	2974	1
2777	2777	1
2777	2987	1
2801	2732	1
2801	2777	1
2805	2805	2
2825	2805	1
2825	2825	1
2827	2825	1
2828	2805	1
2828	2828	1
2844	2834	1
2854	2658	1
2859	2854	1
2861	2861	1
2861	2864	1
2862	2859	1
2863	2863	1
2864	2862	1
2864	2863	1
2864	2864	1
2872	2872	1
2874	2888	1
2876	2876	1
2876	2880	1
2877	2876	1
2880	2872	1
2880	2880	1
2883	2828	1
2883	2883	1
2885	2914	1
2886	2886	1
2887	2886	1
2888	2883	1
2888	2888	1
2891	2892	1
2892	2892	1
2892	2902	1
2902	2902	1
2902	2906	1
2904	2904	2
2904	2914	1
2904	2915	1
2905	2904	2
2905	2905	1
2906	2905	1
2913	3351	1
2914	2887	1
2914	2905	1
2914	2914	1
2915	2977	1
2928	2927	1
2928	2928	1
2930	2930	1
2930	2931	1
2931	2928	1
2932	2930	1
2933	2932	1
2955	2956	1
2956	2956	1
2956	2958	1
2958	2933	1
2958	2958	1
2959	2955	1
2959	2959	1
2960	2959	1
2974	2801	1
2987	2988	1
2988	2988	1
2988	2989	1
2989	4677	1
3014	3013	1
3014	3014	1
3020	3020	1
3020	3021	1
3021	3014	1
3021	3021	1
3061	3061	1
3064	3071	1
3071	3020	1
3071	3071	1
3071	3072	1
3072	3073	1
3073	3077	1
3074	3074	1
3074	3075	1
3075	3071	1
3075	3075	1
3076	3074	1
3077	3078	1
3078	3079	1
3079	3061	1
3079	3079	1
3087	3088	1
3088	3076	1
3088	3088	1
3100	3102	1
3102	2662	1
3102	3102	1
3120	6610	1
3121	3120	1
3121	3121	1
3131	3131	1
3131	3132	1
3132	3133	1
3133	3134	1
3134	3134	1
3134	3135	1
3135	3135	1
3135	3143	1
3136	3121	1
3162	3131	1
3163	3162	1
3163	3163	1
3164	3163	1
3168	3164	1
3171	3168	1
3182	3176	1
3189	3182	1
3190	3190	1
3190	3208	1
3192	3190	1
3194	3189	1
3195	3200	1
3199	3195	1
3200	3194	1
3205	3209	1
3207	3205	1
3207	3207	1
3208	3207	1
3208	3208	1
3209	3209	1
3224	3224	1
3224	3226	1
3226	3227	1
3227	3227	1
3232	3232	1
3232	3233	1
3233	3233	1
3238	3224	1
3241	3199	1
3252	3252	1
3252	3256	1
3253	3252	1
3256	3268	1
3267	3253	1
3267	3267	1
3268	3232	1
3268	3241	1
3268	3268	1
3269	3267	1
3280	3280	1
3280	3281	1
3281	3281	1
3281	3282	1
3282	3282	1
3303	3280	1
3351	3351	2
3351	3362	1
3352	2728	1
3359	4604	1
3362	30	1
3362	1937	1
3362	3362	1
3362	3393	1
3362	4326	1
3362	5359	1
3362	5385	1
3363	3368	1
3365	3365	1
3365	5420	1
3366	3365	1
3366	3366	1
3368	3366	1
3368	3368	1
3376	3447	1
3380	3380	1
3381	3382	1
3382	3382	1
3382	3394	1
3391	3391	1
3391	3396	1
3393	3393	1
3394	3380	1
3394	3394	1
3396	3396	1
3396	3397	1
3397	3400	1
3398	3398	2
3398	3407	1
3400	3398	1
3400	3400	1
3407	3407	1
3407	3410	1
3410	3410	1
3410	3412	1
3412	3412	1
3412	3415	1
3412	6480	1
3413	2261	1
3413	3413	1
3414	3413	1
3414	3414	1
3415	3414	1
3436	3362	1
3436	3436	1
3439	3439	1
3439	3440	1
3440	3440	1
3440	3444	1
3441	3439	1
3441	3441	1
3443	3391	1
3444	3444	1
3447	3447	1
3469	3471	1
3471	3471	1
3502	3362	1
3539	3539	1
3539	3540	1
3540	3540	1
3540	3541	1
3541	3541	2
3541	3701	1
3542	3542	1
3542	3543	1
3543	3539	1
3543	3543	1
3547	3568	1
3560	3561	1
3561	3570	1
3561	3588	1
3565	3570	1
3566	3565	1
3567	3566	1
3568	3567	1
3568	3568	1
3568	3570	1
3570	3542	1
3570	3570	2
3570	3571	1
3570	3675	1
3571	3585	1
3582	3584	1
3583	3568	1
3583	3583	1
3584	3583	1
3585	3585	1
3586	3684	1
3588	3588	1
3588	3592	1
3592	3592	1
3592	3595	1
3595	3595	1
3595	7156	1
3598	3598	1
3600	3598	1
3600	3600	1
3601	3601	1
3601	3604	1
3604	3604	1
3604	3685	1
3609	3601	1
3609	3609	1
3610	3609	1
3648	3649	1
3649	3649	1
3649	3654	1
3650	3650	1
3650	3658	1
3651	3650	1
3651	3651	1
3652	3651	1
3652	3652	1
3653	3652	1
3654	3654	1
3654	3655	1
3655	3655	1
3655	3656	1
3656	3657	1
3657	3653	1
3658	3658	1
3666	3667	1
3667	3667	1
3675	3675	2
3675	3712	1
3675	4604	1
3683	3675	1
3684	3683	1
3684	3684	1
3685	3600	1
3685	3685	1
3697	3697	1
3698	3699	1
3699	3697	1
3699	3699	1
3710	5501	1
3712	3712	1
3712	7111	1
3731	3738	1
3732	3732	1
3732	3733	1
3733	3733	1
3733	5155	1
3738	3738	1
3738	3748	1
3748	3748	1
3748	4178	1
3802	6418	1
3805	6414	1
3818	3818	1
3818	3820	1
3820	3820	1
3834	6381	1
3839	3839	1
3839	6325	1
3839	6327	1
3850	3850	1
3902	3971	1
3925	3925	1
3925	3938	1
3926	3925	1
3926	3926	1
3927	3926	1
3927	3927	1
3931	3932	1
3933	3927	1
3935	3931	1
3935	3935	1
3936	3936	1
3936	3937	1
3937	3937	1
3937	3939	1
3938	3936	1
3938	3938	2
3939	3935	1
3939	3939	1
3940	3938	1
3949	3949	1
3949	3951	1
3950	3949	1
3951	3951	1
3954	3940	1
3955	4169	1
3971	3971	1
3971	3986	1
3974	3974	1
3974	3975	1
3975	3975	1
3976	3977	1
3976	3992	1
3977	3974	1
3977	3977	1
3984	3988	1
3986	3986	2
3986	6213	1
3988	3986	1
3988	3988	1
3992	3992	1
3992	7074	1
4051	6026	1
4053	4061	1
4055	4056	1
4056	4062	1
4057	4055	1
4059	4060	1
4060	4089	1
4061	4090	1
4062	4063	1
4063	4064	1
4064	4053	1
4064	4064	1
4066	4066	1
4084	4059	1
4084	4084	1
4085	4085	1
4085	4087	2
4087	4084	1
4087	4087	2
4089	4089	2
4089	4090	1
4089	4091	1
4090	4089	1
4090	4091	1
4091	4066	1
4091	4091	2
4093	4085	1
4102	4102	1
4102	6115	1
4103	4102	1
4103	4103	1
4104	4103	1
4105	4105	1
4106	4108	1
4108	4105	1
4108	4108	1
4135	4135	1
4137	3802	1
4137	7047	1
4139	4135	1
4148	4148	1
4149	4148	1
4149	4149	1
4151	4149	1
4158	4159	1
4159	4159	1
4159	4165	1
4163	4164	1
4164	4164	1
4164	4184	1
4165	4163	1
4165	4165	1
4169	4051	1
4170	4178	1
4178	5108	1
4178	5302	1
4178	5313	1
4178	6240	1
4178	6372	1
4178	6375	1
4178	6448	1
4202	4202	1
4202	6125	1
4204	4204	1
4205	4205	1
4205	4256	1
4206	4206	1
4207	4178	1
4210	4211	1
4211	4258	1
4212	4205	1
4212	4212	1
4223	4223	1
4224	4224	1
4224	7027	1
4226	4226	1
4226	4228	1
4227	4226	1
4228	4229	1
4229	4229	1
4229	4230	1
4230	4230	1
4230	4231	1
4231	4231	1
4238	4245	1
4245	4246	1
4246	4247	1
4247	4251	1
4250	4250	1
4251	4251	1
4251	4252	1
4252	4255	1
4253	4250	1
4253	4253	1
4254	4253	1
4255	4254	1
4255	4255	1
4256	4204	1
4258	4206	1
4258	4212	1
4302	4302	1
4302	5928	1
4303	4303	1
4313	4313	1
4313	4335	1
4314	4314	1
4326	4326	1
4326	4329	1
4328	4313	1
4329	4329	1
4329	4330	1
4330	4330	1
4335	4335	1
4335	5958	1
4336	4314	1
4336	4336	1
4337	4344	1
4338	4340	1
4340	4341	1
4341	4337	1
4343	5834	1
4344	4347	1
4347	4343	1
4363	4363	1
4368	4363	1
4369	4369	1
4369	4370	1
4370	4370	1
4373	4373	1
4373	4374	1
4374	4374	1
4375	4373	1
4395	5844	1
4398	4398	1
4398	4400	1
4400	4400	1
4414	4414	1
4414	5842	1
4417	4414	1
4422	5843	1
4453	4453	1
4453	4458	1
4454	4508	1
4455	4455	1
4455	4456	1
4455	4457	1
4456	4457	1
4457	4459	1
4457	4464	1
4458	4454	1
4458	4458	1
4458	4508	1
4459	4459	1
4459	4474	1
4460	4460	1
4460	4462	1
4462	4462	1
4462	4568	1
4464	4464	1
4464	4496	1
4468	4468	1
4470	4470	1
4471	4470	1
4473	4473	1
4473	4519	1
4474	4460	1
4477	4511	1
4478	4478	1
4481	4493	1
4484	4484	1
4485	4489	1
4486	4499	1
4487	4485	1
4487	4487	1
4488	4634	1
4489	2114	1
4489	4489	1
4489	4492	1
4492	4478	1
4492	4492	1
4493	4488	1
4493	4493	1
4495	4495	1
4495	4558	1
4496	4495	1
4496	4496	1
4499	4499	1
4499	4566	1
4502	4453	1
4508	4455	1
4508	4508	1
4510	4468	1
4511	4473	1
4511	4511	1
4515	4515	1
4515	4521	1
4518	4518	1
4519	4518	1
4519	4519	1
4521	4521	1
4542	4555	1
4543	4544	1
4544	4515	1
4544	4544	1
4555	4555	1
4558	4570	1
4566	4509	1
4566	4566	1
4568	4510	1
4568	4568	1
4570	4484	1
4570	4570	1
4604	266	1
4604	1363	1
4604	2033	1
4604	2473	1
4604	4487	1
4604	6770	1
4604	6876	1
4604	7057	1
4629	1614	1
4629	1741	1
4629	1937	1
4629	6948	1
4634	1562	1
4634	5322	1
4634	5373	1
4634	5647	1
4660	4698	1
4660	4713	1
4661	4660	1
4661	4661	1
4664	4661	1
4677	4677	1
4694	4694	1
4698	4698	1
4699	4721	1
4711	4711	1
4713	4711	1
4713	4713	1
4721	2668	1
4721	4721	1
4753	4775	1
4755	4757	1
4756	4756	1
4757	4753	1
4757	4757	1
4757	4773	1
4762	4762	1
4762	4927	1
4769	4773	1
4770	4771	1
4771	4781	1
4773	4756	1
4773	4770	1
4773	4773	1
4774	4769	1
4775	4774	1
4777	4755	1
4782	4782	1
4782	4783	1
4783	4783	1
4795	4800	1
4796	4782	1
4796	4796	1
4800	4796	1
4800	4800	1
4802	4925	1
4803	4777	1
4803	4802	1
4854	4854	1
4854	6516	1
4855	4854	1
4855	4855	1
4856	4857	1
4857	4762	1
4857	4857	1
4859	4855	1
4864	4885	1
4865	4856	1
4865	4864	1
4872	4876	1
4875	4875	1
4875	4881	1
4876	4876	1
4876	4880	1
4877	4875	1
4877	4877	1
4878	4877	1
4878	4878	1
4879	4878	1
4879	4879	1
4880	4879	1
4881	4881	1
4885	4895	1
4888	4890	1
4895	4888	1
4897	4897	1
4898	4898	1
4898	4899	1
4899	4899	1
4899	4900	1
4900	4900	1
4900	4901	1
4901	4897	1
4901	4901	1
4904	4905	1
4905	4898	1
4911	4904	1
4919	4911	1
4919	4919	2
4919	5194	1
4925	4926	1
4926	4865	1
4927	4919	1
4927	4927	1
4964	4965	1
4965	4965	1
4965	5013	1
4974	5086	1
4978	5027	1
4980	4980	1
4989	4699	1
5013	5015	1
5014	5014	1
5014	5016	1
5015	5014	1
5015	5015	1
5016	5016	1
5016	5017	1
5017	5021	1
5021	4978	1
5021	5021	1
5026	5026	1
5027	5027	1
5027	5028	1
5027	5082	1
5028	5028	1
5029	5026	1
5029	5029	1
5030	5029	1
5038	5037	1
5038	5038	1
5039	5039	1
5039	5041	1
5041	5041	1
5041	5079	1
5045	5046	1
5046	5047	1
5047	5039	1
5047	5047	1
5061	5061	1
5061	5068	1
5063	5064	1
5064	5061	1
5065	5066	1
5066	5066	1
5066	5067	1
5067	5067	1
5068	5070	1
5069	5069	1
5069	5074	1
5070	5072	1
5072	5072	1
5072	5073	1
5073	5069	1
5074	5074	1
5074	5075	1
5075	5038	1
5078	4980	1
5078	5078	1
5079	5078	1
5079	5079	1
5082	2668	1
5082	5082	1
5086	2668	1
5108	5193	1
5128	5128	1
5129	5128	1
5133	5134	1
5134	5134	1
5134	5192	1
5137	5137	1
5148	5137	1
5148	5148	1
5149	5148	1
5149	5149	1
5155	5155	1
5155	5197	1
5160	5160	1
5161	5160	1
5161	5161	1
5163	3732	1
5163	5163	1
5166	5161	1
5186	5190	1
5187	7184	1
5190	5190	1
5190	5198	1
5191	3731	1
5192	5192	1
5192	5193	1
5193	4919	2
5193	5193	1
5194	5501	1
5198	5149	1
5198	5198	1
5199	5163	1
5254	5256	1
5255	5265	1
5256	5281	1
5258	5259	1
5259	5271	1
5260	5262	1
5261	5260	1
5261	5261	1
5262	5262	1
5262	5267	1
5265	5266	1
5266	5261	1
5266	5266	1
5269	5274	1
5270	5269	1
5271	5270	1
5274	5275	1
5275	5254	1
5279	5287	1
5281	5284	1
5286	5255	1
5287	5286	1
5302	5302	1
5305	5305	1
5306	5306	1
5306	5340	1
5307	5312	1
5310	5343	1
5312	5310	1
5312	5312	1
5313	5313	2
5313	5346	1
5314	5313	1
5316	4604	1
5316	5305	1
5319	5342	1
5320	4634	1
5320	5320	1
5320	5321	1
5321	5321	1
5321	5322	1
5322	5322	2
5324	5326	1
5325	5320	1
5325	5325	1
5326	5325	1
5326	5326	1
5330	5342	1
5331	5331	1
5331	5341	1
5335	5397	1
5339	5331	1
5339	5339	1
5340	5339	1
5340	5340	1
5341	5341	1
5342	5342	2
5342	5343	1
5343	5306	1
5343	5343	1
5346	5346	1
5355	4604	1
5357	5358	1
5358	5358	1
5359	5359	1
5359	5762	1
5362	5367	1
5365	5365	1
5366	5365	1
5367	5367	1
5373	5373	1
5379	4604	1
5379	5379	1
5381	5379	1
5385	5385	1
5385	5463	1
5386	5386	1
5386	5458	1
5391	5386	1
5394	5396	1
5396	5396	1
5397	4604	1
5397	5397	1
5404	5404	1
5407	5404	1
5407	5501	1
5412	5578	1
5425	5426	1
5425	5492	1
5426	4604	1
5427	5427	1
5427	5454	1
5432	6202	1
5440	3398	1
5440	5440	1
5443	5458	1
5445	5453	1
5450	5450	1
5452	5459	1
5453	5425	1
5453	5453	1
5454	5450	1
5454	5454	1
5458	5458	2
5458	5484	1
5459	5456	1
5459	5459	1
5463	5463	1
5469	5469	1
5470	5469	1
5481	5484	1
5482	3365	1
5482	5482	2
5482	5483	1
5483	5440	1
5483	5482	1
5483	5483	2
5484	5482	1
5484	5483	1
5484	5484	2
5492	5427	1
5492	5492	1
5501	3362	1
5501	3541	1
5501	4223	1
5501	4303	1
5501	5598	1
5501	7175	1
5515	5515	1
5515	5529	1
5522	5523	1
5523	5412	1
5527	5527	1
5529	5527	1
5578	5603	1
5598	5515	1
5598	5598	1
5602	5605	1
5603	5602	1
5605	4458	1
5615	5615	1
5615	5626	1
5617	5615	1
5626	5626	1
5626	5631	1
5631	5631	1
5647	5647	1
5656	5657	1
5657	5657	1
5657	5660	1
5658	5658	1
5660	5658	1
5660	5660	1
5675	5680	1
5680	5680	1
5683	4634	1
5731	5731	1
5744	5745	1
5745	5745	1
5745	5747	1
5747	5747	1
5747	5748	1
5748	5748	1
5750	5750	1
5750	5764	1
5751	5751	1
5751	5754	1
5752	5751	1
5754	5750	1
5754	5754	1
5760	5760	1
5760	5802	1
5761	5804	1
5762	5760	1
5762	5762	1
5763	5731	1
5764	5763	1
5764	5764	2
5764	5765	1
5765	5765	1
5765	5773	1
5771	5764	1
5771	5771	1
5772	5771	1
5772	5772	1
5772	5810	1
5773	5795	1
5776	5772	1
5795	5802	1
5802	5802	2
5802	5811	1
5804	5804	1
5804	5842	1
5809	5772	1
5809	5809	2
5809	5839	1
5810	5809	1
5810	5810	1
5810	5811	1
5811	5809	1
5830	4329	1
5830	5830	1
5834	5830	1
5836	4210	1
5839	5836	1
5839	5839	1
5841	5839	1
5842	4604	1
5842	5776	1
5843	4398	1
5843	5843	1
5844	5844	1
5852	5852	1
5852	5861	1
5860	5852	1
5861	5841	1
5869	5869	1
5885	5885	1
5885	5886	2
5886	5886	1
5886	5900	2
5887	5887	1
5887	5904	1
5891	5891	1
5891	5907	1
5891	5969	1
5895	5896	1
5896	5885	1
5896	5896	1
5898	5898	2
5899	5887	2
5899	5899	1
5900	5899	2
5900	5900	2
5902	6955	1
5903	5891	1
5903	5903	1
5904	5903	1
5904	5904	1
5905	5905	1
5906	5916	1
5907	5905	1
5907	5907	1
5910	5898	1
5910	5910	1
5911	5911	1
5911	5912	1
5912	5910	1
5912	5912	1
5913	5914	1
5914	5914	2
5914	5915	2
5915	5911	1
5915	5915	2
5916	5914	1
5916	5920	1
5917	5921	1
5920	5917	1
5921	4302	1
5921	5891	1
5926	5929	1
5928	5928	2
5928	5958	1
5929	5929	1
5939	5941	1
5941	5979	1
5947	5950	1
5950	5869	1
5950	5950	1
5958	5939	1
5958	5958	3
5963	5963	1
5963	5965	1
5964	5963	1
5965	5965	1
5967	5964	1
5967	5967	1
5969	5958	1
5969	6955	1
5978	5979	1
5979	5979	1
5979	7000	1
6007	6106	1
6010	6010	1
6010	6152	1
6014	6014	1
6014	6154	1
6015	6014	1
6015	6015	1
6016	6015	1
6018	6018	1
6018	6073	1
6023	6023	1
6026	6007	1
6026	6023	1
6026	6026	1
6037	6035	1
6037	6037	1
6073	6073	1
6073	6074	1
6074	3362	1
6074	6074	1
6083	6010	1
6088	6037	1
6088	6088	1
6094	6088	1
6098	6098	1
6098	6122	1
6103	6098	1
6106	6106	1
6110	6110	1
6110	6111	1
6111	4106	1
6111	6111	1
6112	6113	1
6113	6113	1
6113	6114	1
6114	6110	1
6114	6114	1
6115	6115	1
6122	6122	1
6122	6123	1
6123	6123	1
6133	6133	1
6133	6137	1
6134	6133	1
6134	6134	1
6136	6136	1
6137	6137	1
6137	6140	1
6140	6140	1
6143	6018	1
6145	6146	1
6146	6134	1
6146	6146	1
6151	6136	1
6151	6151	2
6151	6216	1
6152	6151	2
6152	6152	1
6154	6154	1
6159	6159	1
6160	6159	1
6173	4604	1
6173	6173	1
6175	6173	1
6176	6177	1
6177	3362	1
6177	6177	1
6202	6202	1
6209	6232	1
6211	6211	1
6211	6323	1
6213	6213	4
6213	6214	1
6213	6215	1
6213	6216	1
6213	6302	1
6214	6213	1
6214	6214	1
6215	6218	1
6216	6213	1
6216	6215	1
6216	6216	1
6217	3902	1
6218	6217	1
6218	6218	1
6228	6306	1
6229	5501	1
6232	6232	1
6235	6211	1
6237	6237	1
6237	6268	1
6240	6237	1
6240	6240	1
6248	6213	1
6250	6250	1
6250	6254	1
6251	6256	1
6252	6248	1
6252	6252	1
6254	6252	1
6254	6254	1
6256	6250	1
6256	6256	1
6268	6268	1
6306	6306	1
6317	6317	1
6317	6332	1
6317	6341	1
6320	3818	1
6320	6320	1
6324	3839	1
6325	6343	1
6327	6320	1
6327	6327	1
6327	6328	1
6328	3839	1
6328	6328	1
6341	6324	1
6343	6348	1
6345	6317	1
6348	6345	1
6355	6355	1
6355	6359	1
6358	3436	1
6358	6358	2
6358	6363	1
6358	6364	1
6359	6358	1
6359	6359	2
6359	6370	1
6360	6360	2
6360	6361	1
6360	6371	1
6361	6360	1
6361	6361	2
6361	6364	1
6362	6358	1
6363	6359	1
6363	6363	1
6364	6355	1
6364	6361	1
6364	6362	1
6364	6364	2
6368	6365	1
6370	6368	1
6371	6360	1
6371	6371	1
6372	6328	1
6372	6372	1
6381	6327	1
6381	6371	1
6381	6381	1
6396	6399	1
6399	6399	1
6399	6400	1
6404	6404	1
6414	6414	1
6418	6459	1
6422	6422	1
6422	6466	1
6430	6431	1
6431	6431	1
6431	6435	1
6431	6458	1
6435	6435	1
6448	6448	1
6449	6449	1
6449	6476	1
6453	6454	1
6454	6404	1
6454	6454	1
6457	6457	1
6457	6460	1
6458	6458	1
6458	6460	1
6459	6458	1
6460	6460	2
6460	6472	1
6464	6464	1
6466	6464	1
6466	6466	1
6467	6422	1
6469	6449	1
6470	6469	1
6472	6430	1
6476	6457	1
6480	7231	1
6498	6552	1
6507	5258	1
6507	6507	1
6515	6515	1
6516	6515	1
6516	6516	1
6525	6525	1
6528	6525	1
6528	6528	1
6531	6538	1
6538	6507	1
6538	6538	1
6552	5501	1
6560	6528	1
6560	6560	1
6561	6560	1
6600	6600	1
6600	6601	1
6601	6601	1
6602	6602	2
6602	6640	2
6603	6603	1
6604	6603	1
6604	6604	1
6605	6605	1
6605	6641	1
6606	6602	2
6606	6605	1
6606	6606	3
6607	6606	1
6610	6610	1
6610	6622	2
6622	6606	2
6640	6600	1
6640	6640	2
6641	6604	1
6641	6641	1
6704	6708	1
6708	6708	1
6708	6710	1
6710	6710	1
6710	99999923	1
6721	6721	1
6721	6800	1
6723	6721	1
6726	6726	1
6726	7253	1
6731	6726	1
6741	6748	1
6743	6812	1
6748	6748	1
6761	6761	1
6761	6774	1
6762	6775	1
6768	6768	1
6770	6770	1
6772	6768	1
6772	6772	2
6772	6773	1
6773	6760	1
6773	6773	1
6774	6774	1
6774	6775	1
6775	6775	2
6782	6789	1
6784	6767	1
6789	6789	1
6791	6796	1
6795	6797	1
6796	6796	1
6796	6832	1
6797	6797	1
6800	6800	1
6800	6834	1
6807	6807	1
6810	6810	1
6811	6811	1
6812	6761	1
6812	6810	1
6812	6811	1
6813	6814	1
6814	6743	1
6814	6814	1
6817	6817	1
6832	6772	1
6834	6834	2
6834	6836	1
6834	6845	1
6835	6834	1
6835	6835	2
6835	6839	1
6836	6836	1
6838	6858	1
6839	6839	1
6840	6835	1
6840	6840	1
6842	6835	1
6842	6842	1
6844	6844	1
6844	6858	1
6844	6864	1
6845	6840	1
6845	6844	1
6845	6845	1
6845	6848	1
6848	6842	1
6848	6848	1
6849	6854	1
6850	6851	1
6851	6849	1
6851	6851	1
6854	6854	2
6856	6856	1
6856	6857	1
6857	6854	1
6857	6857	1
6858	6856	1
6858	6858	2
6864	6864	1
6870	6878	1
6875	6875	1
6875	6925	1
6875	6932	1
6876	6875	1
6878	6878	1
6878	6879	1
6879	6879	1
6879	6882	1
6882	6882	1
6883	6922	1
6919	6920	1
6920	6920	1
6922	6922	2
6922	6941	1
6924	6922	1
6925	6925	1
6929	4634	1
6932	6932	1
6941	6941	1
6944	6944	1
6948	6948	1
6951	6951	1
6951	6976	1
6952	6952	1
6952	6958	1
6953	6952	1
6953	6953	1
6953	6958	1
6954	6952	1
6954	6954	1
6955	4336	1
6955	5898	1
6955	5928	1
6955	6956	1
6955	7001	1
6955	7304	1
6956	6956	1
6958	6958	2
6958	6959	1
6959	6959	1
6959	6963	1
6961	6962	1
6962	4604	1
6962	6962	1
6963	6963	1
6963	6964	1
6964	7287	1
6967	6951	1
6967	6953	1
6968	6968	1
6968	6972	1
6969	6968	1
6969	6969	1
6970	6970	1
6970	6972	1
6971	6971	1
6971	6975	1
6972	6971	1
6972	6972	2
6972	6975	1
6973	6973	2
6973	6974	2
6974	6967	1
6974	6969	1
6975	6973	2
6976	6954	1
6976	6976	1
6977	6970	1
6980	6994	1
6981	6980	1
6994	5967	1
6999	7006	1
7000	7000	1
7001	7001	1
7003	7005	1
7005	7005	1
7005	7007	1
7006	7003	1
7006	7006	1
7007	7007	1
7007	7009	1
7009	7009	1
7011	7011	1
7014	7015	1
7014	7019	1
7015	6955	1
7015	7015	1
7016	7011	1
7019	7019	1
7021	4224	1
7021	7021	1
7026	4369	1
7027	7027	1
7029	4202	1
7032	7021	1
7046	7048	1
7047	7047	1
7048	7048	1
7052	7056	1
7055	7055	1
7056	7055	1
7056	7056	1
7057	5501	1
7057	7057	1
7062	7062	1
7063	7065	1
7065	7062	1
7066	3362	1
7070	7100	1
7073	3850	1
7073	7073	1
7074	7073	1
7074	7074	1
7080	7080	1
7081	7080	1
7083	7083	1
7083	7084	1
7084	7084	1
7090	7090	1
7090	7392	1
7095	7095	1
7098	7083	1
7100	7100	1
7100	7122	1
7100	7399	1
7101	7100	1
7103	7101	1
7105	3362	1
7105	7105	1
7109	7105	1
7109	7109	1
7111	7111	1
7111	7113	1
7113	7113	1
7113	7114	1
7114	7114	1
7116	7117	1
7117	7109	1
7117	7117	2
7117	7157	1
7118	7117	1
7122	7124	1
7124	7095	1
7124	7124	1
7130	7130	1
7130	7131	1
7131	7131	1
7140	3362	1
7140	7130	1
7140	7140	1
7140	7141	1
7141	7118	1
7141	7140	1
7141	7141	2
7143	7141	1
7143	7143	1
7144	7143	1
7156	7156	1
7157	7157	1
7166	7170	1
7170	7170	1
7172	7174	1
7174	7174	1
7174	7185	1
7175	7175	1
7183	7183	1
7183	7202	1
7184	7183	1
7184	7184	3
7184	7198	1
7185	7197	1
7197	3362	1
7197	7197	1
7201	7184	1
7201	7201	1
7202	7184	1
7202	7201	1
7202	7202	2
7205	7202	1
7207	7208	1
7208	7205	1
7208	7208	1
7238	7238	1
7239	7238	1
7240	99999923	1
7242	7243	1
7243	7243	1
7243	99999923	1
7245	7245	1
7246	7245	1
7246	7246	1
7247	7246	1
7251	7254	1
7253	6772	1
7253	6807	1
7254	7254	1
7257	6817	1
7263	979	1
7269	6767	1
7269	7270	1
7270	6944	1
7270	7270	1
7275	7275	1
7279	99999923	1
7287	7287	1
7291	7291	1
7292	6955	1
7295	7295	1
7296	7295	1
7296	7296	1
7297	7296	1
7299	7299	1
7300	4629	1
7301	7299	1
7303	7291	1
7304	7304	1
7311	7311	1
7311	99999917	1
7314	7314	1
7314	99999917	1
7316	7316	1
7317	7314	1
7317	7316	1
7317	7317	2
7318	7311	1
7318	7317	1
7320	7321	1
7321	7321	2
7321	99999917	1
7323	7321	1
7325	3362	1
7325	7325	1
7327	7327	1
7328	7327	1
7330	7330	1
7331	7332	1
7332	7325	1
7332	7330	1
7332	7332	2
7333	7332	1
7341	5501	1
7341	7341	1
7346	7346	1
7347	7346	1
7347	7347	2
7348	7347	2
7361	7361	1
7361	7364	1
7362	7363	1
7363	7361	1
7363	7363	2
7363	7364	1
7364	7364	2
7364	7371	1
7366	7341	1
7367	7368	1
7368	7368	1
7371	7371	1
7373	5501	1
7373	7363	1
7376	7376	1
7377	7376	1
7378	7381	1
7380	7381	1
7381	7381	2
7383	7399	1
7384	7384	1
7386	7384	1
7386	7399	1
7392	7392	1
7398	7090	1
7399	7399	1
7400	3362	1
99999917	7275	1
99999917	7317	1
99999933	7399	1
