ORIG	DEST	N_TOT
2	2	1
2	4	1
4	4	1
9	9	1
9	10	1
10	2	1
10	10	1
14	17	1
15	15	1
16	15	1
16	16	1
17	17	1
17	18	1
18	16	1
18	18	1
22	165	1
43	43	1
48	43	1
50	50	1
51	50	1
51	51	1
52	51	1
52	52	1
55	52	1
62	62	1
62	74	1
71	73	1
72	62	1
73	73	1
74	74	1
76	76	1
85	582	1
93	93	1
93	160	1
96	98	1
97	97	1
97	99	1
98	98	1
98	159	1
99	99	1
103	103	1
115	115	1
117	118	1
118	115	1
118	118	1
124	124	1
124	133	1
130	132	1
132	132	1
132	134	1
133	133	1
133	134	1
134	134	2
135	124	1
135	135	1
135	137	1
136	135	1
137	137	1
140	142	1
142	142	1
142	1008	1
143	103	1
143	130	1
143	143	1
144	147	1
147	143	1
147	147	1
148	150	1
149	148	1
150	150	2
150	153	1
150	155	1
153	153	1
155	144	1
155	155	1
155	979	1
156	158	1
157	150	1
157	157	1
157	188	1
158	157	1
158	158	1
159	93	1
159	159	1
160	97	1
160	160	1
164	164	1
165	165	1
165	177	1
166	164	1
166	166	1
167	167	1
168	168	1
168	169	1
169	169	1
169	170	1
170	170	1
170	979	1
173	167	1
173	173	2
175	166	1
177	177	1
177	187	1
181	173	1
181	181	2
187	187	1
187	189	2
188	188	1
189	189	2
189	192	1
189	200	1
192	197	1
193	193	1
196	196	1
196	560	1
197	181	1
197	196	1
197	197	1
200	193	1
200	200	1
202	202	1
203	211	1
207	202	1
207	207	1
209	556	1
210	210	1
211	207	1
211	211	1
216	216	1
216	243	1
219	216	1
219	219	1
221	219	1
224	224	2
224	299	1
228	221	1
229	228	1
229	229	1
230	224	1
230	230	1
231	238	1
232	233	1
233	233	1
233	239	1
234	234	2
234	237	1
234	238	1
236	236	1
236	237	1
237	236	1
237	237	2
238	234	1
238	238	3
238	239	2
239	234	1
239	238	1
239	239	2
239	269	1
243	243	1
244	244	1
244	252	1
245	250	1
246	209	1
247	557	1
249	247	1
250	210	1
250	244	1
250	250	1
252	252	1
252	253	1
253	253	1
259	266	1
264	264	1
264	265	1
265	279	1
266	266	1
267	267	1
268	268	1
268	979	1
269	268	1
269	269	1
269	270	1
270	264	1
270	270	1
274	274	1
276	267	1
279	279	1
279	283	1
280	280	1
280	298	1
282	283	1
283	280	1
283	283	2
298	298	1
299	299	1
304	304	1
304	525	1
305	304	1
308	519	1
310	310	1
310	311	1
311	311	1
319	310	1
321	308	1
321	321	1
322	323	1
323	323	1
323	329	1
324	331	1
329	321	1
329	329	1
331	331	1
341	342	1
342	342	1
344	344	1
344	346	1
345	344	1
346	346	1
346	350	1
347	347	1
350	347	1
350	350	1
356	356	1
356	366	1
365	356	1
365	365	1
366	366	1
394	345	1
406	465	1
411	412	1
412	412	1
425	446	1
436	468	1
440	445	1
441	442	1
442	442	1
442	464	1
445	445	2
445	448	1
445	459	1
446	446	1
446	447	1
447	447	2
447	448	1
447	449	1
448	445	1
448	447	1
448	448	2
449	448	1
449	449	1
453	453	1
454	453	1
456	456	1
458	454	1
458	480	1
459	464	1
461	458	1
461	461	1
462	461	1
464	462	1
464	464	2
464	465	1
465	465	2
465	466	2
466	466	2
466	467	1
467	467	1
468	468	1
469	469	1
469	476	1
476	485	1
477	478	1
478	469	1
478	478	2
479	478	1
479	479	1
480	477	1
480	480	2
482	479	1
482	482	1
485	485	1
486	482	1
490	456	1
492	668	1
503	503	1
503	508	1
504	504	1
504	505	1
505	505	1
505	506	1
506	506	1
506	509	1
507	504	1
508	507	1
508	508	1
509	509	1
509	510	1
510	510	1
510	645	1
513	513	1
513	540	1
514	513	1
514	514	1
516	516	1
519	519	1
519	520	1
520	520	1
522	522	1
522	523	1
523	527	1
524	524	1
525	524	1
525	525	1
527	534	1
527	536	1
528	522	1
529	532	1
532	514	1
532	532	1
532	533	1
533	528	1
534	532	1
534	534	1
534	535	1
535	535	1
535	552	1
536	536	1
537	538	1
537	546	1
538	529	1
539	537	1
540	540	2
541	543	1
543	534	1
543	543	1
546	540	1
546	546	1
556	556	1
557	246	1
559	563	1
560	560	2
560	561	2
561	569	1
562	560	1
563	249	1
568	569	1
569	173	1
569	559	1
569	569	2
573	573	1
576	181	1
576	576	1
578	576	1
578	593	1
579	579	1
582	168	1
582	582	1
583	583	1
584	584	1
584	595	1
587	615	1
591	579	1
591	591	1
592	583	1
592	591	1
592	592	1
593	592	1
593	594	1
594	594	1
594	596	1
595	595	2
595	611	1
596	595	1
596	596	1
597	578	1
611	611	1
611	612	1
612	612	1
612	630	1
612	631	1
613	615	1
615	615	2
615	938	1
617	620	1
619	619	3
619	624	1
619	909	1
620	619	2
620	620	2
621	621	1
622	620	1
622	621	1
622	622	2
624	622	1
624	624	1
630	630	1
635	635	1
644	655	1
650	503	1
651	652	1
652	652	1
655	635	1
655	655	1
656	673	1
668	668	1
668	670	1
669	669	1
670	669	1
670	670	1
673	673	1
676	677	1
677	677	1
678	678	1
678	679	1
678	839	1
679	679	1
679	788	1
680	680	1
680	681	1
680	685	1
680	790	1
681	680	1
681	681	2
681	682	1
682	682	1
682	683	1
683	683	1
685	789	1
697	697	1
697	783	1
698	698	1
701	697	1
701	701	1
702	703	1
703	701	1
703	703	1
704	705	1
705	705	1
705	781	1
729	732	1
732	732	1
732	733	1
733	733	1
733	765	1
735	742	1
736	736	1
740	740	1
742	742	1
742	743	1
743	743	1
743	768	1
749	3262	1
762	762	1
768	768	1
768	769	1
769	769	1
769	770	1
770	773	1
772	736	1
772	772	1
773	772	1
773	773	1
779	797	1
781	740	1
781	781	1
783	698	1
783	783	1
788	681	1
788	788	1
789	678	1
789	789	2
789	822	1
790	790	1
790	839	1
794	789	1
794	794	1
795	829	1
796	797	1
797	794	1
797	797	2
797	800	1
799	799	1
799	805	1
800	800	1
803	799	1
803	803	1
804	804	1
804	806	1
805	805	1
806	803	1
806	806	1
807	804	1
808	762	1
817	817	1
822	822	1
826	817	1
826	826	1
828	826	1
829	829	1
829	830	1
830	830	1
830	832	1
832	832	1
837	837	1
839	840	1
839	898	1
840	837	1
840	840	2
843	843	1
849	849	1
849	855	1
850	849	1
855	840	1
855	855	1
858	859	1
859	859	1
861	861	2
861	862	1
861	863	1
862	858	1
862	862	1
863	861	1
863	863	1
864	864	1
864	865	1
865	861	1
865	865	1
884	884	1
885	884	1
885	885	1
886	888	1
888	864	1
888	888	1
888	889	1
889	889	1
889	890	1
890	890	1
890	891	1
891	905	1
897	899	1
898	901	1
899	906	1
900	897	1
901	900	1
901	901	1
901	979	1
903	622	1
905	902	1
905	908	1
906	905	1
906	906	1
908	885	1
908	908	1
909	909	1
909	915	1
915	915	1
929	931	1
931	76	1
931	931	1
931	979	1
937	939	1
938	619	1
939	584	1
946	947	1
947	947	1
947	959	1
953	953	1
953	957	1
954	953	1
954	954	1
955	954	1
957	957	1
959	959	1
959	960	1
960	960	1
964	964	1
965	965	1
965	966	1
966	964	1
966	966	1
974	974	1
978	974	1
978	978	1
979	516	1
979	573	1
979	612	1
979	843	1
979	978	1
979	1374	1
979	1520	1
979	6791	1
979	6843	1
979	6859	1
987	987	1
987	1000	1
988	987	1
991	992	1
992	992	1
995	965	1
995	995	1
1000	1000	1
1008	1243	1
1022	1023	1
1023	1023	1
1023	1028	1
1024	1025	1
1025	1022	1
1026	1026	1
1026	1027	1
1027	1024	1
1028	1028	1
1028	2008	1
1029	1026	1
1029	1029	1
1030	1029	1
1031	1031	1
1033	1031	1
1033	1033	1
1035	1035	2
1035	1041	1
1035	2512	1
1041	1041	1
1041	1044	1
1043	1035	1
1043	1043	1
1043	1045	1
1044	1043	1
1044	1044	1
1045	1045	1
1045	1047	1
1047	1047	1
1047	1049	1
1049	1049	1
1051	1033	1
1081	2290	1
1165	1170	1
1168	1168	1
1170	1170	1
1170	1183	1
1171	1289	1
1174	1219	1
1183	1168	1
1183	1183	1
1185	1185	1
1185	1186	1
1186	1186	1
1191	1185	1
1191	1191	1
1192	1191	1
1192	1192	1
1203	1192	1
1210	1210	1
1210	1292	1
1219	1229	1
1229	1233	1
1232	1232	1
1233	1232	1
1243	9	1
1243	1243	1
1246	1351	1
1247	1254	1
1248	1247	1
1254	1246	1
1270	1266	1
1282	1282	1
1283	1282	1
1283	1283	1
1284	1283	1
1284	1284	2
1285	1286	1
1286	1286	1
1286	1288	2
1287	1285	1
1287	1287	1
1288	1284	2
1288	1288	2
1288	1297	1
1289	1288	1
1289	1289	2
1289	1291	2
1290	1287	1
1291	1290	1
1291	1292	1
1292	1174	1
1292	1289	1
1292	1292	1
1293	1289	1
1293	1294	1
1294	1295	1
1295	1162	1
1297	1293	1
1305	1308	1
1308	1270	1
1309	1305	1
1351	1309	1
1369	1369	1
1370	1369	1
1370	1370	1
1371	1373	1
1373	1370	1
1374	1374	1
1374	1482	1
1375	1378	1
1378	1378	1
1378	1380	1
1380	1380	1
1384	1384	1
1384	1385	1
1385	1385	1
1392	1384	1
1392	1392	2
1392	1483	1
1393	1392	2
1393	1393	1
1416	1418	1
1417	1418	1
1418	229	1
1418	1418	2
1421	224	1
1422	1422	1
1422	1445	1
1425	1422	1
1425	1425	1
1426	1425	1
1426	1426	1
1426	1444	1
1435	1435	1
1442	1442	1
1443	1442	1
1443	1443	1
1444	1426	1
1444	1443	1
1444	1444	1
1445	1445	1
1445	1446	1
1446	1446	1
1446	1447	1
1447	1447	1
1449	1435	1
1449	1449	1
1453	1453	1
1454	1453	1
1454	1454	1
1455	1454	1
1463	979	1
1463	1463	1
1472	1463	1
1472	1472	1
1476	1476	1
1477	1472	1
1479	1487	1
1480	1476	1
1480	1480	1
1481	1481	2
1481	1482	1
1481	1487	1
1482	1481	1
1482	1482	2
1482	1483	2
1483	1393	1
1483	1482	1
1483	1483	3
1485	1485	1
1485	1487	1
1486	1485	1
1486	1486	1
1487	1481	1
1487	1486	1
1487	1487	3
1505	1480	1
1505	1505	2
1507	1505	2
1507	1507	1
1509	1512	1
1512	1512	1
1520	1507	1
1520	1520	1
1555	1574	1
1556	1555	1
1558	1558	1
1558	1561	1
1559	1558	1
1560	1559	1
1561	1562	1
1562	1563	1
1563	1556	1
1565	1565	1
1565	1585	1
1566	1566	1
1566	1574	1
1574	1574	1
1574	1584	1
1584	1596	1
1585	1566	1
1585	1585	1
1590	1565	1
1592	1592	1
1596	1596	1
1596	1654	1
1601	6917	1
1604	1604	1
1607	1607	1
1611	1631	1
1630	1689	1
1631	1631	1
1631	6909	1
1633	1631	1
1633	1633	1
1637	4634	1
1639	1607	1
1639	1639	1
1640	1639	1
1640	1640	1
1641	1640	1
1641	1641	1
1641	1644	1
1642	1641	1
1642	1642	2
1642	1643	1
1643	1604	1
1644	1652	1
1652	1642	2
1652	1652	2
1653	1652	1
1654	1653	1
1671	1679	1
1673	1673	1
1677	1673	1
1677	1677	1
1678	1677	1
1678	1678	1
1679	1678	1
1679	1679	1
1687	1633	1
1689	1690	1
1690	1611	1
1703	1703	1
1706	1707	2
1707	1707	1
1707	1708	1
1708	1708	1
1708	1711	1
1709	1709	1
1709	1961	1
1711	1709	1
1711	1711	1
1712	1715	1
1715	1719	2
1716	1706	1
1716	1716	2
1716	1717	1
1717	1706	1
1718	1716	1
1719	1716	1
1719	1718	1
1719	1719	2
1722	1722	1
1722	1752	1
1724	1727	1
1726	1724	1
1726	1726	1
1727	1722	1
1727	1727	1
1727	1728	1
1728	1715	1
1731	1952	1
1740	1726	1
1740	1740	1
1741	1740	1
1744	1741	1
1746	1744	1
1752	1752	1
1752	1755	1
1755	1755	1
1755	1757	1
1757	1757	1
1757	1760	1
1760	1760	1
1760	1761	1
1761	1761	1
1761	4634	1
1789	1789	1
1789	1791	1
1791	1791	1
1806	1806	1
1806	1808	1
1807	1806	1
1808	1808	1
1808	1811	1
1811	1811	1
1835	1835	1
1835	1859	1
1836	1835	1
1836	1836	1
1837	1836	1
1838	1838	1
1839	1838	1
1839	1839	1
1840	1843	1
1843	1839	1
1843	1843	1
1856	1937	1
1859	1859	2
1866	1859	1
1866	1866	1
1870	1866	1
1870	1870	1
1872	274	1
1872	1872	1
1872	1890	1
1873	1872	1
1873	1873	1
1873	1875	1
1874	1873	2
1874	1874	2
1875	1875	1
1875	1876	1
1876	1872	2
1876	1876	1
1878	1878	1
1886	1892	1
1887	1886	1
1887	1887	1
1888	1870	1
1888	1888	1
1888	1891	1
1889	1888	1
1890	1878	1
1890	1890	1
1891	1887	1
1892	1893	1
1892	1894	1
1893	1874	1
1894	1874	1
1894	1894	1
1903	4634	1
1924	1949	1
1926	1924	1
1931	1931	1
1931	1932	2
1932	1932	1
1933	1951	1
1937	1939	1
1939	1933	1
1939	1943	1
1941	1944	1
1943	1931	1
1943	1943	1
1944	1945	1
1945	1943	1
1949	1560	1
1951	1731	1
1952	1941	1
1956	1592	1
1956	1956	1
1961	1961	1
1963	1956	1
1963	1963	1
1965	1963	1
2005	2007	1
2006	2005	1
2007	2021	1
2008	2008	1
2009	2017	1
2010	2011	1
2011	2011	1
2015	2015	1
2017	2015	1
2017	2017	1
2020	2010	1
2021	2022	2
2022	979	1
2022	2022	2
2022	2024	1
2024	2020	1
2024	2024	1
2032	995	1
2034	1035	1
2034	2034	1
2035	2035	1
2035	2036	1
2036	2036	1
2036	2063	1
2037	2034	1
2040	2035	1
2040	2040	1
2040	2055	1
2050	2040	1
2053	2053	1
2054	2053	1
2054	2054	1
2055	2057	1
2056	2054	1
2056	2056	1
2057	2056	1
2057	2057	1
2063	2063	1
2063	2065	1
2065	2034	1
2065	2040	1
2065	2065	1
2098	2098	1
2098	2101	1
2100	2098	1
2100	2100	2
2101	2101	1
2104	2100	1
2106	2106	1
2106	2110	1
2110	2110	1
2110	2113	1
2113	2104	1
2131	2135	1
2135	2135	1
2135	2139	1
2139	2139	1
2139	2149	1
2149	2149	1
2173	2173	1
2174	2197	1
2175	2173	1
2180	2180	1
2180	2192	1
2181	2180	1
2181	2181	1
2182	2181	1
2185	2185	1
2192	2192	1
2192	2193	1
2193	2193	1
2197	2185	1
2197	2197	1
2256	2256	1
2256	2669	1
2259	2259	2
2259	2670	1
2261	2256	1
2266	2259	1
2266	2266	1
2277	2277	1
2277	2573	1
2278	2277	1
2278	2278	1
2279	2278	1
2290	2290	2
2291	2290	1
2292	2292	1
2292	2346	1
2298	2299	1
2299	2299	1
2299	2668	1
2309	2309	1
2312	2309	1
2312	2312	1
2312	2335	1
2314	2314	1
2314	2325	1
2315	2314	1
2315	2315	1
2318	2323	1
2320	2324	1
2321	2320	1
2322	2321	1
2322	2322	1
2323	2322	1
2324	2324	2
2325	2347	1
2332	2502	1
2333	2332	1
2333	2333	2
2335	2340	1
2336	2312	1
2336	2315	1
2336	2336	1
2337	2336	1
2340	2341	2
2341	2341	2
2341	2344	1
2342	2336	1
2343	2324	1
2344	2345	2
2345	1081	1
2345	2345	1
2345	2365	1
2346	2346	1
2346	2372	1
2347	2347	1
2347	2360	1
2350	2333	1
2350	2350	1
2352	2353	1
2353	2350	1
2353	2353	1
2356	2356	1
2356	2359	1
2357	2356	1
2359	2352	1
2360	2333	1
2360	2360	1
2365	2318	1
2366	2390	1
2367	2384	1
2372	2374	1
2372	3362	1
2374	2374	1
2375	2372	1
2375	2375	1
2376	2375	1
2376	2376	1
2379	2376	1
2379	2379	1
2384	2427	1
2390	2367	1
2390	2390	1
2403	2435	1
2405	2429	1
2413	2413	1
2413	2415	1
2414	2413	1
2415	2415	1
2415	2668	1
2416	2292	1
2420	2420	1
2421	2417	1
2421	2421	2
2421	2422	1
2422	2422	1
2422	2424	1
2423	2421	1
2423	2423	1
2423	2709	1
2424	2424	1
2426	2426	1
2426	2429	1
2426	2431	1
2427	2426	2
2427	2427	1
2429	2429	2
2429	2430	1
2430	2430	1
2430	2436	1
2431	2431	1
2435	2423	1
2435	2435	1
2436	2437	1
2437	2446	1
2445	2421	1
2454	2457	1
2455	2455	1
2455	2457	1
2455	2458	1
2457	2457	3
2458	2445	1
2458	2457	1
2468	2468	1
2469	2468	1
2469	2469	1
2470	2469	1
2480	2379	1
2482	2480	1
2502	2502	1
2505	230	2
2505	2505	2
2506	2505	1
2506	2506	1
2506	2507	1
2507	2505	1
2507	2506	1
2507	2507	2
2507	2508	1
2508	2508	1
2508	2509	1
2509	2509	2
2510	2507	1
2512	2506	1
2514	2516	1
2516	2516	1
2516	2517	1
2517	2502	1
2517	2517	1
2525	2528	1
2528	2528	1
2529	2530	1
2530	2530	1
2530	2531	1
2531	2531	1
2531	2532	1
2532	2532	1
2533	2509	1
2540	2540	1
2546	2540	1
2546	2546	1
2547	2546	1
2547	2547	1
2555	2558	1
2557	2547	1
2557	2557	1
2558	2557	1
2573	2576	1
2576	2576	1
2591	2591	1
2591	2604	1
2592	2591	1
2593	2593	1
2596	2599	1
2597	2593	1
2597	2597	1
2598	2597	1
2598	2598	1
2599	2599	1
2599	2600	1
2600	2600	1
2600	2603	1
2602	2602	1
2603	2603	1
2603	2621	1
2604	2598	1
2621	2602	1
2621	2621	1
2622	2623	1
2623	2623	1
2662	2690	1
2666	2666	1
2666	2861	1
2667	2669	1
2668	2667	1
2668	2696	1
2669	2668	1
2669	2669	2
2669	2692	1
2670	2670	1
2685	2686	1
2686	2686	1
2690	2685	1
2690	2690	1
2692	2266	1
2692	2692	1
2696	2420	1
2696	2696	1
2702	2666	1
2709	2455	1
2713	2970	1
2726	2729	1
2729	2729	1
2729	5088	1
2733	2768	1
2744	2744	1
2744	2746	1
2744	2752	1
2746	2746	1
2747	2748	1
2748	2760	1
2752	2752	1
2752	2754	1
2754	2754	1
2754	2755	1
2755	2755	1
2757	2744	1
2758	2757	1
2759	2761	1
2760	2759	1
2761	2762	1
2762	2764	1
2764	2765	1
2765	2733	1
2768	2758	1
2776	2776	1
2776	2974	1
2801	2801	1
2819	2826	1
2826	2801	1
2826	2826	2
2840	2826	1
2840	2840	1
2841	2840	1
2841	2841	2
2842	2841	1
2844	2842	1
2848	2848	1
2849	2848	1
2851	2841	1
2861	365	1
2888	2889	1
2889	2876	1
2890	2888	1
2891	2890	1
2891	2892	1
2892	2891	1
2892	2892	1
2892	2900	1
2900	2900	1
2900	2907	1
2907	2907	1
2910	2910	1
2910	3351	1
2913	2892	1
2913	2910	1
2913	2913	1
2914	2913	1
2915	2915	1
2915	3051	1
2919	3050	1
2920	2919	1
2920	2920	1
2922	2983	1
2924	2925	1
2925	2915	1
2925	2920	1
2925	2925	1
2934	2951	1
2943	2924	1
2944	2943	1
2945	2944	1
2945	2945	1
2946	2945	1
2946	2946	1
2947	2946	1
2950	2950	1
2950	2953	1
2951	2950	1
2951	2951	1
2953	2953	1
2957	2934	1
2962	2962	1
2970	2970	1
2970	2971	1
2971	2971	1
2971	2972	1
2972	2962	1
2972	2972	1
2974	2974	1
2983	2983	1
2983	3012	1
2985	2776	1
2985	2985	1
2992	2985	1
2993	2993	1
2993	2994	1
2994	2994	1
2995	2993	1
2995	2995	1
3001	2995	1
3006	3001	1
3012	3012	1
3012	3017	1
3017	3015	1
3027	3061	1
3030	3027	1
3038	3038	1
3039	3038	1
3039	3039	1
3039	3040	1
3040	3062	1
3051	3051	1
3051	3054	1
3052	3050	1
3052	3052	1
3053	3052	1
3054	3055	1
3055	3053	1
3055	3055	1
3056	3056	1
3056	3078	1
3058	3056	1
3061	2913	1
3065	3066	1
3066	3066	1
3066	3067	1
3067	3067	1
3067	3068	1
3068	3068	1
3068	3070	1
3068	3102	1
3069	3069	1
3069	3089	1
3070	3069	1
3070	3070	1
3073	3073	1
3075	3068	1
3077	3073	1
3077	3077	1
3078	3077	1
3078	3078	1
3080	2668	1
3089	3089	1
3090	3075	1
3094	3096	1
3096	3099	2
3098	3039	1
3098	3098	2
3098	3100	1
3098	3104	1
3099	3039	1
3099	3098	1
3099	3099	2
3099	3100	1
3100	3098	1
3100	3099	1
3100	3100	1
3101	3080	1
3102	3098	1
3103	3101	1
3104	3103	1
3104	3104	1
3124	3124	1
3124	3186	1
3158	3158	1
3158	3168	1
3159	3159	1
3159	3179	1
3160	3158	1
3165	3192	1
3167	3167	1
3167	3169	1
3168	3201	1
3169	3159	1
3169	3169	1
3172	3172	1
3172	3180	1
3176	3176	1
3176	3177	1
3177	3177	2
3178	3177	1
3178	3178	1
3179	3176	1
3179	3179	1
3179	3182	1
3180	3180	1
3180	3181	1
3181	3179	1
3181	3181	1
3182	3182	1
3185	3172	1
3186	3178	1
3186	3185	1
3186	3186	1
3187	3187	1
3187	3188	1
3188	3188	1
3191	3186	1
3192	3191	1
3192	3192	1
3194	3194	1
3195	3167	1
3195	3195	1
3195	3200	1
3196	3196	1
3196	3199	1
3197	3196	1
3197	3197	1
3198	3197	1
3199	3195	1
3199	3199	1
3200	3194	1
3200	3200	1
3201	3201	1
3201	3202	1
3202	3202	1
3214	3214	1
3214	3230	1
3215	3214	1
3215	3215	1
3216	3215	1
3230	3230	1
3230	3239	1
3236	3236	1
3239	3239	2
3239	3241	2
3241	3241	2
3241	3243	1
3243	3244	1
3243	3271	1
3244	3239	1
3244	3244	1
3244	3251	1
3245	3247	1
3245	3249	1
3246	3243	1
3246	3246	1
3247	3246	1
3247	3247	1
3248	3236	1
3248	3248	1
3249	3248	1
3249	3249	1
3251	3251	1
3262	3262	1
3271	3273	1
3273	3281	1
3281	3305	1
3287	2668	1
3287	3287	1
3288	3287	1
3305	3306	1
3306	3314	1
3351	3351	1
3355	3355	1
3355	3356	1
3355	3474	1
3356	3356	1
3357	3355	1
3358	3357	1
3362	1449	1
3362	4166	1
3362	4302	1
3362	4489	1
3362	5688	1
3362	6125	1
3362	6915	1
3363	3363	1
3367	3363	1
3367	3478	1
3371	3373	1
3373	3373	2
3373	3374	1
3374	3358	1
3374	3374	2
3376	3377	1
3377	3377	1
3377	3388	1
3377	3453	1
3380	3380	1
3380	3387	1
3387	3387	1
3387	3396	1
3388	3380	1
3391	3395	1
3392	3391	1
3392	3392	1
3395	3429	1
3396	3392	1
3399	3399	1
3400	3400	2
3404	3404	1
3404	3408	1
3406	3404	1
3407	3408	1
3408	3408	2
3408	3409	2
3409	3399	1
3409	3400	2
3409	3409	2
3412	3413	1
3414	3412	1
3418	3429	1
3421	3421	1
3421	3426	1
3426	3426	1
3429	3414	1
3429	3421	1
3429	3429	2
3441	3441	1
3447	3441	1
3447	3447	1
3449	3450	1
3450	3450	2
3450	3453	1
3451	3451	1
3451	3454	1
3453	3371	1
3453	3451	1
3453	3453	1
3454	3454	1
3456	3450	1
3456	3456	1
3457	3456	1
3458	3458	1
3465	3465	1
3465	5064	1
3466	3458	1
3466	3466	1
3467	3466	1
3468	3465	1
3474	3467	1
3474	3474	1
3478	3374	1
3478	3478	1
3508	3525	1
3511	3511	1
3511	3528	1
3515	3515	1
3515	3678	1
3523	3546	1
3525	3523	1
3525	3525	2
3528	3528	1
3528	3529	1
3529	3529	1
3529	3552	1
3533	3533	1
3533	3673	1
3535	3536	1
3536	3536	1
3536	3682	1
3538	3538	1
3545	3569	1
3546	3546	1
3551	3551	1
3551	3558	1
3552	3552	1
3552	3555	1
3553	3572	1
3554	3553	1
3555	3551	1
3555	3555	1
3556	3557	1
3557	3554	1
3557	3557	1
3558	3556	1
3558	3558	1
3560	3561	1
3561	3561	1
3561	3568	1
3567	3567	1
3568	3567	1
3568	3568	1
3569	3569	1
3570	3570	2
3570	3579	1
3570	4178	1
3572	3572	1
3578	3578	1
3579	3578	1
3580	3570	1
3580	3580	1
3581	3580	1
3581	3581	1
3582	3582	1
3582	3585	1
3583	3584	1
3584	3582	1
3584	3584	1
3585	3581	1
3585	3585	1
3587	3570	1
3593	3595	1
3595	3595	1
3604	3670	1
3606	3610	1
3610	3637	1
3619	3619	1
3619	3648	1
3626	3515	1
3626	3626	1
3630	3630	1
3630	3634	1
3631	3631	1
3633	3646	1
3634	3631	1
3634	3634	1
3635	3635	1
3635	3644	1
3636	3635	1
3637	3619	1
3638	3604	1
3638	3638	1
3639	3665	1
3643	3645	1
3644	3630	1
3644	3644	2
3644	3676	1
3645	3626	1
3645	3644	1
3645	3645	1
3646	3645	1
3646	3646	1
3648	3648	1
3648	3649	1
3649	3654	1
3651	3651	1
3652	3651	1
3652	3652	1
3653	3652	1
3653	3653	1
3654	3655	1
3655	3657	1
3656	3657	1
3657	3653	1
3657	3657	1
3657	3658	1
3658	3663	1
3659	3660	1
3663	3659	1
3664	3664	1
3664	3667	1
3665	3664	1
3665	3665	1
3666	3666	1
3667	3667	1
3667	3670	1
3670	3666	1
3670	3670	2
3673	3673	1
3673	3674	1
3674	3674	1
3674	5501	1
3676	3525	1
3676	3676	2
3676	3684	1
3678	3511	1
3681	3676	1
3682	3538	1
3682	3682	1
3684	3684	1
3694	3533	1
3711	3711	1
3711	3725	1
3718	3718	2
3718	3729	2
3719	3718	2
3723	3711	1
3725	3725	1
3725	3731	1
3726	3725	1
3726	3726	1
3729	3723	1
3729	3726	1
3729	3729	1
3731	3731	1
3731	3735	1
3731	3738	1
3732	3733	1
3733	3733	1
3733	5149	1
3735	3736	1
3736	3732	1
3807	3808	1
3808	3809	1
3809	3809	1
3809	3812	1
3812	3809	1
3812	3812	1
3818	3818	1
3819	3818	1
3820	3819	1
3820	3820	1
3821	3821	1
3821	3822	1
3822	3822	2
3822	3831	1
3823	3825	2
3824	3823	1
3824	3824	1
3825	3821	1
3825	3822	1
3825	3825	2
3829	3824	1
3830	3830	1
3830	3848	1
3831	3820	1
3831	3831	1
3832	3830	1
3833	3851	1
3839	3839	1
3839	6317	1
3841	3841	1
3841	3844	1
3844	3845	1
3845	3807	1
3845	3845	1
3848	6320	1
3851	3832	1
3851	3851	1
3851	3857	1
3852	3852	1
3852	3857	1
3853	3854	1
3854	3852	1
3854	3854	1
3857	3857	2
3857	3987	1
3902	3985	1
3904	3904	1
3904	3921	1
3905	3905	2
3905	3920	1
3905	3968	1
3907	3908	1
3908	3934	1
3912	3904	1
3912	3912	1
3918	3955	1
3920	3920	1
3920	5501	1
3921	3921	1
3929	4178	1
3931	3931	1
3931	3996	1
3934	3934	1
3934	3939	1
3935	3931	1
3939	3939	1
3953	3905	2
3955	3955	1
3955	3956	1
3956	3956	1
3958	3959	1
3959	3959	1
3959	7060	1
3960	3959	1
3964	3964	1
3964	4178	1
3968	3968	1
3980	3980	1
3983	3964	1
3985	3980	1
3985	3985	2
3985	6225	1
3987	3987	1
3988	3985	1
3996	3996	1
3996	4000	1
4000	4000	1
4001	4003	1
4003	4003	1
4057	4084	1
4067	4068	1
4068	4068	1
4068	4153	1
4070	4070	1
4070	4071	1
4071	4071	2
4071	4158	1
4072	4071	1
4072	4072	1
4073	4072	1
4073	4074	1
4074	4070	1
4074	4074	1
4084	4087	1
4085	4085	1
4085	4163	1
4086	6101	1
4087	4086	1
4087	4087	1
4091	4091	1
4101	4101	2
4101	4102	1
4101	4103	1
4102	4101	1
4102	4102	1
4103	4101	1
4103	4105	1
4104	4102	1
4105	4105	1
4105	4108	1
4107	4107	1
4107	6104	1
4108	4107	1
4108	4108	1
4108	7029	1
4111	4111	1
4111	4124	1
4112	4126	1
4113	4113	1
4113	4133	1
4113	4178	1
4124	4124	1
4125	4113	1
4126	4111	1
4126	4126	1
4133	4091	1
4133	4133	1
4137	2455	1
4137	5668	1
4137	6224	1
4142	4142	1
4143	4143	1
4143	4144	1
4144	4142	1
4144	4144	1
4147	4143	1
4152	4152	1
4153	4152	1
4153	4153	1
4158	4158	1
4162	4161	1
4163	4162	1
4163	4163	1
4166	4085	1
4166	4182	1
4178	4798	1
4178	4902	1
4178	6001	1
4178	6097	1
4178	6165	1
4178	6194	1
4178	7188	1
4204	4255	1
4206	4255	1
4213	7030	1
4217	4218	1
4218	4218	1
4218	4220	1
4219	4219	1
4220	4219	1
4220	4220	1
4224	4224	1
4224	4225	1
4225	4217	1
4225	4225	1
4226	4226	1
4227	4226	1
4231	4224	1
4231	4231	1
4232	4231	1
4233	4247	1
4238	4301	1
4247	4247	2
4247	4249	1
4248	4178	1
4248	4248	1
4249	4248	1
4249	4249	1
4251	4247	1
4251	4251	1
4252	4251	1
4252	4252	1
4253	4252	1
4253	4253	1
4254	4178	1
4254	4253	1
4254	4254	2
4255	4254	2
4255	4255	2
4259	4213	1
4301	4301	2
4302	4302	1
4305	4305	1
4305	5930	1
4306	4308	1
4308	4308	1
4311	4311	1
4330	4331	1
4331	4331	1
4331	4333	1
4333	4333	1
4333	4334	1
4333	4335	1
4334	4311	1
4334	4334	2
4335	4335	1
4350	4357	1
4352	4301	1
4357	4357	1
4360	4365	1
4361	4361	1
4363	4363	1
4364	4361	1
4364	4364	1
4365	4365	1
4365	4366	1
4366	4364	1
4366	4366	1
4369	4369	1
4369	4380	1
4371	4378	1
4372	4377	1
4374	4369	1
4377	4334	1
4377	4377	2
4377	4382	1
4378	4378	1
4378	4383	2
4379	4363	1
4379	4379	1
4380	4379	1
4380	4380	1
4381	4381	1
4382	4382	2
4382	4384	1
4383	4377	1
4383	4382	1
4383	4383	2
4384	4390	1
4388	4388	1
4389	4388	1
4389	4389	1
4390	4389	1
4390	4390	1
4392	4394	1
4394	4394	2
4394	5844	1
4395	4394	1
4395	4402	1
4396	4396	1
4396	4399	1
4399	4403	1
4400	4400	1
4400	4401	1
4401	4401	1
4401	4414	1
4402	4395	1
4402	4400	1
4402	4402	1
4403	4404	1
4404	4405	1
4405	4406	1
4406	4410	1
4410	4412	1
4412	4402	1
4414	4396	2
4414	4414	1
4415	4414	1
4415	4419	1
4416	4416	2
4416	5843	1
4419	4419	1
4419	4423	1
4421	5845	1
4423	4416	1
4423	4423	1
4455	4457	1
4457	4459	1
4459	4459	1
4459	4460	1
4459	4564	1
4460	4460	2
4461	4461	1
4462	4460	1
4465	4497	1
4466	4466	1
4475	4507	1
4476	2106	1
4476	4477	1
4477	4477	1
4477	4490	1
4482	4482	1
4488	1789	1
4488	4488	1
4489	4489	1
4490	4488	1
4490	4490	1
4494	4482	1
4497	4497	1
4497	4513	1
4507	4476	1
4511	4466	1
4513	4461	1
4513	4513	1
4526	4530	1
4527	4527	2
4527	4537	1
4527	4579	1
4530	4530	1
4530	4531	1
4531	4531	1
4531	4555	1
4534	4534	1
4536	4534	1
4536	4536	1
4537	4538	1
4538	4536	1
4543	4544	1
4544	4527	1
4544	4544	1
4547	4527	1
4554	4634	1
4555	4555	1
4564	4564	1
4573	4573	1
4573	4574	1
4574	4574	1
4574	4575	1
4575	4575	1
4575	4576	1
4576	4576	1
4576	4579	1
4578	4580	1
4579	4578	1
4579	4579	1
4579	4587	1
4580	4580	1
4580	4581	1
4581	4581	1
4581	4583	1
4582	4582	1
4583	4584	1
4584	4582	1
4587	4589	1
4589	4589	1
4590	4590	1
4590	4591	1
4591	4591	1
4595	4590	1
4595	4595	1
4596	4595	1
4596	4596	1
4598	4573	1
4598	4596	1
4604	480	1
4604	608	1
4604	2259	1
4604	2312	1
4604	2507	1
4604	2702	1
4604	3373	1
4604	3638	1
4604	5976	1
4604	6226	1
4604	7070	1
4604	7339	1
4607	5501	1
4629	7013	1
4629	7035	1
4629	7294	1
4634	1703	1
4634	2100	1
4634	5390	1
4634	6931	1
4656	4657	1
4657	4657	1
4666	4666	1
4666	4667	1
4667	4667	2
4667	4674	1
4672	4672	1
4674	4672	1
4674	4674	1
4679	4667	1
4686	4686	1
4687	4686	1
4687	4687	1
4690	4687	1
4716	4666	1
4716	4716	1
4717	4716	1
4753	4767	1
4755	4757	1
4756	4756	1
4756	4760	1
4757	4753	1
4757	4757	1
4762	4764	1
4763	4765	1
4764	4763	1
4764	4764	2
4764	4765	1
4765	4765	2
4765	4766	1
4765	4769	1
4766	4764	1
4766	4766	1
4766	4767	1
4767	4766	1
4767	4767	1
4769	4769	1
4769	4775	1
4775	4756	1
4796	4796	1
4798	4796	1
4798	4798	1
4851	4851	1
4851	4870	1
4852	4851	1
4852	4852	1
4853	4852	1
4853	4853	1
4854	4762	1
4855	4854	1
4858	4860	1
4859	4855	1
4859	4859	1
4860	4859	1
4870	4871	1
4871	4871	1
4871	4872	1
4872	4872	1
4898	4898	1
4905	4905	1
4905	4908	1
4908	4908	1
4908	4916	1
4910	4905	1
4913	4898	1
4913	4913	1
4914	4914	1
4914	4915	1
4915	4913	1
4915	4915	1
4916	4914	1
4916	4916	1
4951	4953	1
4953	4953	1
4953	4963	1
4953	4973	1
4953	5016	1
4954	4958	1
4957	4959	1
4958	4957	1
4959	4960	1
4960	4960	1
4960	4961	1
4961	4951	1
4961	4961	1
4961	4975	1
4961	5017	1
4962	4962	1
4962	4964	1
4962	4974	1
4963	4963	1
4963	4975	1
4964	4964	1
4966	5003	1
4966	5005	1
4967	5012	1
4969	4969	1
4970	4969	1
4972	4972	2
4972	4998	1
4973	4972	2
4974	4973	1
4974	4974	1
4975	4962	1
4975	4975	2
4977	4977	1
4977	4990	1
4980	4980	1
4985	4993	1
4990	4990	1
4993	4993	2
4993	4994	1
4994	4994	1
4994	4995	1
4995	4995	2
4995	5001	1
4997	4993	1
4998	4970	1
4998	4995	1
4998	4998	1
5001	5001	1
5002	5002	1
5003	5002	1
5003	5003	2
5005	5003	1
5005	5005	1
5007	5012	1
5012	5012	2
5012	5018	1
5014	5016	1
5016	5016	2
5016	5017	1
5017	5007	1
5017	5017	2
5017	5022	1
5018	5018	1
5020	5021	1
5021	5021	1
5022	5022	1
5025	5025	1
5030	4977	1
5030	5025	1
5030	5030	1
5031	5032	1
5032	5030	1
5032	5032	1
5036	5036	1
5038	5039	1
5039	5036	1
5039	5039	2
5039	5078	1
5041	5039	1
5046	5080	1
5047	5046	1
5047	5047	1
5059	5059	1
5064	5064	1
5069	5069	1
5074	5069	1
5078	5078	1
5078	5079	1
5079	5047	1
5079	5079	1
5080	4980	1
5080	5080	1
5088	5059	1
5088	5088	1
5118	5192	1
5125	5139	1
5126	5185	1
5130	5130	1
5130	5132	1
5132	5135	1
5133	5134	1
5134	5118	1
5134	5134	1
5135	5142	1
5139	5139	1
5139	5156	1
5140	5140	1
5141	5140	1
5142	5133	1
5145	5145	1
5145	5147	1
5147	5147	1
5147	5150	1
5149	5145	1
5149	5149	1
5150	5150	1
5153	5163	1
5156	5156	1
5163	5163	1
5167	5167	1
5167	5171	1
5168	5167	1
5170	5170	1
5170	5177	1
5171	5171	1
5171	5172	1
5172	5172	1
5172	5173	1
5173	5174	1
5174	5174	1
5174	5201	1
5177	5177	1
5179	5170	1
5179	5179	1
5180	5180	1
5181	5181	1
5181	5183	1
5182	5180	1
5182	5182	1
5183	5179	1
5183	5183	1
5185	5130	1
5190	5190	1
5198	5190	1
5201	5182	1
5201	5201	1
5201	5203	1
5203	5181	1
5203	5203	1
5262	5264	1
5263	5263	1
5264	5263	1
5264	5264	1
5295	6500	1
5297	5297	1
5297	5298	1
5297	5326	1
5298	5298	1
5298	5501	1
5299	5326	1
5301	5301	1
5301	5303	1
5303	5303	1
5303	5304	1
5304	5304	1
5306	5306	1
5307	5307	1
5309	5329	1
5321	5477	1
5326	5326	2
5326	5327	1
5327	5327	1
5329	5329	1
5331	4634	1
5335	5349	1
5337	5339	1
5338	5306	1
5338	5338	1
5338	5340	1
5339	5338	1
5339	5339	2
5339	5340	1
5340	5339	1
5340	5340	2
5342	5343	1
5343	5337	1
5343	5343	1
5345	5307	1
5349	5349	1
5351	5501	1
5354	5338	1
5354	5354	1
5358	5358	1
5359	4178	1
5368	5371	1
5370	5370	1
5371	5370	1
5371	5371	1
5372	5372	1
5373	5372	1
5373	5373	1
5373	5410	1
5379	5368	1
5385	5385	1
5385	5390	1
5387	5387	2
5388	5385	1
5389	5388	1
5390	5387	1
5390	5390	2
5400	5400	1
5400	5731	1
5401	5402	1
5402	5402	1
5405	5405	1
5408	5405	1
5410	5400	1
5410	5410	1
5420	5453	1
5427	5427	1
5427	5428	1
5427	5444	1
5428	5427	1
5428	5428	2
5428	5430	2
5430	5430	2
5430	5492	1
5431	5427	1
5431	5428	1
5431	5431	1
5436	5436	1
5436	5438	1
5437	5436	1
5437	5437	2
5437	5444	1
5438	5437	1
5438	5438	1
5443	5443	1
5444	5437	1
5444	5443	1
5444	5444	3
5448	5444	1
5453	5453	1
5457	5460	1
5460	5460	1
5461	5462	1
5462	5462	1
5464	5464	1
5464	5475	1
5465	5465	1
5465	5469	1
5466	5467	1
5467	5467	1
5468	5465	1
5469	5469	1
5474	5477	1
5475	5475	2
5475	5476	1
5476	5476	2
5477	5475	1
5477	5477	2
5477	5479	1
5478	5431	1
5479	5476	1
5479	5479	1
5480	5464	1
5480	5480	1
5481	5486	1
5482	5519	1
5483	5484	1
5484	5484	1
5486	5486	1
5492	5436	1
5493	5428	1
5494	5354	1
5501	3447	1
5501	3957	1
5501	5373	1
5501	7055	1
5501	7399	1
5514	5480	1
5519	2668	1
5519	5519	1
5523	5523	1
5523	5524	1
5524	5524	1
5524	5529	1
5528	5528	1
5529	5528	1
5529	5529	1
5532	5533	1
5533	5533	1
5533	5601	1
5554	5554	1
5554	5562	1
5554	5570	1
5562	5562	1
5562	5570	1
5566	5572	1
5570	5570	2
5572	5666	1
5574	5574	1
5574	5588	1
5578	5387	1
5578	5578	1
5588	5554	1
5588	5588	1
5600	5523	1
5601	5601	1
5601	5602	1
5602	5602	1
5602	5603	1
5603	5603	1
5603	5604	2
5604	5554	1
5604	5574	1
5604	5604	1
5615	5617	1
5617	5648	1
5643	5643	1
5644	3362	1
5644	5644	1
5646	5643	1
5648	5648	1
5648	5651	1
5651	5644	1
5659	5662	1
5662	5662	1
5664	5578	1
5666	5664	1
5666	5666	1
5668	5670	1
5668	5671	1
5670	5670	1
5670	5671	1
5671	5670	1
5671	5674	1
5672	5678	1
5673	5673	1
5673	5674	1
5674	5672	1
5674	5674	2
5675	5675	1
5675	5677	1
5675	5678	1
5676	5680	1
5677	5676	1
5678	5673	1
5678	5675	1
5678	5678	1
5680	5680	1
5680	5682	1
5681	5681	1
5681	5710	1
5688	5688	1
5688	5899	1
5696	5696	1
5696	5789	1
5702	5702	1
5702	5703	1
5703	5703	1
5709	5702	1
5709	5709	1
5710	5709	1
5710	5710	1
5726	5729	1
5729	5729	1
5730	5301	1
5731	4137	1
5731	5731	1
5745	5681	1
5745	5746	1
5746	5297	1
5746	5746	1
5747	5749	1
5748	5747	1
5749	5749	2
5749	5753	1
5751	4178	1
5751	5751	1
5752	5755	1
5753	5753	1
5753	5756	1
5755	5749	1
5755	5755	2
5756	5756	1
5756	5757	1
5757	5757	1
5757	5758	2
5758	5758	2
5758	5759	2
5759	5755	1
5759	5759	2
5761	5761	1
5770	5761	1
5771	5501	1
5771	5771	1
5772	5771	1
5772	5772	1
5776	5772	1
5776	5776	1
5777	5776	1
5789	5789	1
5802	5803	1
5803	5777	1
5803	5803	1
5804	5804	1
5804	5842	1
5805	5804	1
5822	5822	1
5822	5840	1
5828	4416	1
5828	5822	1
5828	5828	1
5839	5840	1
5840	5828	1
5840	5840	2
5841	5854	1
5842	3362	1
5844	5844	2
5845	5844	1
5845	5845	1
5848	5848	1
5848	5872	1
5854	5854	2
5854	5861	1
5854	5862	1
5855	5848	1
5856	5854	1
5861	5861	1
5862	5751	1
5862	5862	1
5867	5867	1
5867	5947	1
5868	5874	1
5869	5869	1
5869	5870	1
5870	5870	1
5871	5869	1
5872	5873	1
5873	5868	1
5874	5875	1
5875	5876	1
5876	5883	1
5878	5871	1
5880	5880	1
5881	5881	1
5881	5882	1
5882	5880	1
5882	5882	2
5883	5881	1
5883	5952	1
5884	5882	1
5884	5884	1
5886	5886	1
5887	5887	1
5895	5896	1
5896	5887	1
5896	5896	1
5899	5696	1
5899	5899	1
5900	5886	1
5907	5907	1
5908	5908	1
5918	5867	1
5927	6955	1
5930	5931	1
5931	5908	1
5931	5931	1
5934	4305	1
5934	5937	1
5935	5935	1
5935	5976	1
5935	5979	1
5936	5935	1
5937	5936	1
5937	5937	1
5944	5944	1
5944	5947	1
5944	5949	1
5945	5944	1
5945	5945	1
5946	5863	1
5946	5946	3
5946	5957	1
5947	5946	3
5947	5947	3
5949	5947	1
5952	5952	1
5954	5956	1
5956	5945	1
5956	5956	1
5957	5957	1
5959	5972	1
5963	5963	1
5966	5971	1
5968	5974	1
5971	5971	1
5971	5975	1
5972	5963	1
5972	5972	2
5973	5959	1
5974	5972	1
5974	5973	1
5974	5974	2
5975	5975	1
5976	5968	1
5976	5977	1
5977	5974	1
5977	5977	2
5978	5977	1
5978	5978	1
5979	5978	1
5979	5979	1
5996	6057	1
5997	5996	1
5998	4392	1
5999	5998	1
5999	5999	1
6001	6001	1
6003	5999	1
6003	6003	1
6007	6007	1
6007	6111	1
6009	6009	1
6010	6022	1
6012	6010	1
6014	6154	1
6019	6021	1
6019	6028	1
6021	6028	1
6022	6019	1
6022	6022	1
6023	6023	1
6023	6029	1
6023	6086	1
6026	6023	1
6026	6026	1
6028	6023	1
6028	6026	1
6028	6028	1
6029	6029	1
6032	6029	1
6033	6087	1
6047	6051	1
6051	6003	1
6051	6060	1
6052	6052	1
6052	6057	1
6053	6053	1
6053	6072	1
6054	6053	1
6054	6054	2
6054	6075	1
6057	6057	2
6057	6060	1
6058	6058	2
6058	6060	1
6058	6061	1
6060	6047	1
6060	6058	1
6060	6060	1
6061	6054	1
6061	6058	1
6061	6061	1
6071	6071	1
6072	6052	1
6075	6054	1
6075	6075	2
6075	6076	1
6076	6075	1
6076	6076	1
6076	6094	1
6086	6088	1
6087	6071	1
6087	6087	1
6088	6088	1
6088	6152	1
6094	6094	1
6094	6100	1
6096	6096	1
6097	6096	1
6097	6097	1
6100	4178	1
6100	6100	1
6100	6101	1
6101	4166	1
6101	6101	2
6104	6119	1
6105	6007	1
6105	6105	1
6106	6107	1
6107	6105	1
6107	6107	1
6111	6111	1
6118	6120	1
6119	6119	2
6120	6119	1
6120	6120	1
6125	6009	1
6132	6132	2
6132	6134	1
6132	6156	1
6133	6133	1
6134	6133	1
6134	6134	1
6138	6141	1
6139	6132	1
6139	6139	1
6140	6134	1
6140	6140	1
6141	6139	1
6141	6141	2
6143	6141	1
6143	6143	1
6145	6145	1
6145	6146	1
6146	6132	1
6146	6146	1
6148	6274	1
6152	6152	1
6153	6140	1
6154	6012	1
6156	6156	1
6156	6159	1
6157	6269	1
6158	6158	1
6158	6204	1
6159	6158	1
6159	6159	1
6162	6161	1
6162	6162	1
6163	6162	1
6163	6163	1
6164	6163	1
6164	6164	1
6165	6165	2
6167	6164	1
6167	6167	1
6168	6167	1
6168	6168	1
6169	6143	1
6171	6168	1
6172	4178	1
6176	5358	1
6183	6165	1
6194	6194	1
6204	6204	1
6204	6243	1
6205	6208	1
6205	6231	1
6207	6207	1
6207	6241	1
6208	6207	1
6208	6208	3
6208	6233	1
6208	6236	1
6209	6209	1
6210	6210	1
6213	6213	1
6213	6214	1
6214	6214	1
6214	6220	1
6215	6213	1
6217	6301	1
6219	6219	2
6219	6220	1
6220	6219	1
6220	6220	2
6220	6246	1
6221	6220	1
6221	6221	1
6222	6221	1
6222	6222	1
6222	6223	1
6223	6221	1
6223	6222	1
6223	6223	2
6224	6223	1
6224	6224	1
6224	6225	1
6225	6222	1
6225	6225	1
6226	6219	1
6226	6226	1
6227	6227	1
6227	6305	1
6229	6230	1
6230	6227	1
6230	6230	3
6231	6208	1
6231	6231	2
6231	6233	1
6232	6230	1
6232	6232	1
6233	6208	1
6233	6231	1
6233	6233	2
6236	6232	1
6236	6236	1
6241	6242	1
6242	6145	1
6243	6243	2
6244	6244	1
6244	6250	1
6246	6209	1
6246	6243	1
6246	6246	2
6248	6252	1
6249	6249	1
6249	6265	1
6250	6250	1
6250	6256	1
6250	6258	1
6251	6251	1
6252	6252	1
6256	6251	1
6256	6256	1
6258	6258	1
6265	6265	1
6269	6244	1
6273	6210	1
6274	6274	1
6274	6275	2
6275	6246	1
6275	6275	2
6295	6249	1
6301	6223	1
6304	6304	1
6304	6306	1
6305	6304	1
6306	6306	1
6306	6307	1
6312	6230	1
6317	6317	1
6320	3839	1
6320	6320	1
6333	6333	1
6333	6335	1
6334	6334	1
6335	6334	1
6335	6335	1
6336	6337	1
6337	6333	1
6337	6337	1
6342	6348	1
6345	6345	1
6348	6348	1
6348	6349	1
6349	6345	1
6349	6349	1
6377	6377	1
6377	6379	1
6379	6379	1
6388	6388	1
6388	6389	1
6389	6463	1
6391	6388	1
6398	6399	1
6399	6399	1
6399	6402	1
6402	6377	1
6402	6402	3
6402	6419	1
6403	6402	1
6403	6403	1
6404	6402	1
6404	6403	1
6404	6404	1
6407	6408	1
6408	6404	1
6408	6408	1
6414	3841	1
6419	6419	1
6419	6447	1
6420	6420	1
6423	6423	1
6423	6426	2
6424	6423	1
6424	6424	1
6425	6425	1
6426	6425	1
6426	6426	2
6426	6456	1
6430	6430	1
6430	6435	1
6435	6435	1
6435	6445	1
6445	6445	1
6447	6414	1
6456	6420	1
6456	6456	1
6456	6457	1
6457	6457	1
6457	6460	1
6460	6456	1
6460	6460	1
6460	6472	2
6463	6465	1
6465	6424	1
6465	6465	1
6472	6430	1
6472	6472	2
6472	6475	1
6475	6475	1
6481	6481	1
6488	6489	1
6489	6481	1
6489	6489	1
6491	6492	1
6492	6492	1
6500	6500	1
6500	6501	1
6501	6501	1
6501	6502	1
6502	6502	1
6517	4853	1
6589	6589	1
6608	3124	1
6612	6612	2
6612	6613	2
6613	3187	1
6613	6613	1
6613	6647	1
6647	6589	1
6649	6650	1
6650	6612	2
6650	6650	1
6702	6702	1
6704	6702	1
6705	6706	1
6706	6706	1
6706	6733	1
6710	6710	1
6710	6715	1
6711	6711	1
6715	6715	1
6716	6710	1
6720	6721	1
6721	6721	1
6722	6722	1
6727	6728	1
6728	6728	1
6729	6729	1
6729	7238	1
6731	6731	1
6731	6732	1
6732	6732	1
6733	6729	1
6733	6733	1
6733	6734	1
6734	6731	1
6734	6734	1
6737	6737	3
6737	7252	1
6737	99999923	1
6741	6737	1
6741	6742	1
6742	6737	1
6742	6742	1
6747	6749	1
6748	6748	1
6749	6749	1
6749	6750	1
6749	6752	1
6750	6748	1
6750	6750	1
6752	6711	1
6752	6752	1
6752	99999923	1
6754	6722	1
6754	6754	1
6754	7256	1
6756	6756	1
6758	6758	2
6758	6761	1
6758	7256	1
6761	6761	1
6762	6762	1
6763	6758	1
6767	6767	4
6767	6768	1
6767	6787	1
6767	6805	1
6767	6812	1
6768	6767	1
6768	6768	2
6768	6780	1
6769	6768	1
6769	6769	2
6770	6771	1
6771	6767	1
6771	6769	1
6771	6771	1
6771	7253	1
6774	6771	1
6775	6775	1
6775	6802	1
6776	6776	1
6776	6800	1
6778	6779	1
6778	7253	1
6779	6779	1
6779	6780	1
6780	6778	1
6780	6780	2
6785	6785	1
6785	6786	1
6786	6786	1
6787	6787	1
6787	6830	1
6788	6769	1
6788	6788	1
6789	6788	1
6791	6791	1
6798	6798	1
6799	6798	1
6799	6799	1
6800	6800	2
6801	6800	1
6801	6801	1
6801	6802	1
6802	1210	2
6802	6801	1
6802	6802	3
6803	6802	1
6803	6803	1
6804	6775	1
6804	6803	1
6805	6805	1
6806	6806	1
6807	6806	1
6809	6754	1
6809	6776	1
6810	6811	1
6811	6799	1
6811	6811	1
6812	6762	1
6812	6812	1
6814	6756	1
6816	6758	1
6817	6816	1
6817	6817	1
6817	6818	1
6818	6767	1
6818	6817	1
6818	6818	1
6820	6822	1
6820	7244	1
6821	7256	1
6822	6821	1
6822	6822	1
6823	6822	1
6825	6825	1
6827	6832	1
6828	6820	1
6828	6825	1
6830	979	1
6830	6785	1
6830	6830	1
6832	6767	1
6832	6832	1
6833	6836	1
6834	6834	1
6834	6835	1
6835	6835	1
6835	6840	1
6836	6834	1
6836	6836	1
6840	6840	1
6840	6842	1
6842	6842	1
6843	6843	1
6846	6846	3
6847	6846	3
6847	6847	1
6848	6849	1
6849	6847	1
6849	6849	1
6859	6859	1
6874	4634	1
6877	6877	1
6877	6886	1
6880	6880	1
6882	6877	1
6886	6883	1
6892	6893	1
6893	6893	1
6893	6895	1
6895	6895	1
6895	6896	1
6896	6896	1
6897	6898	1
6898	6892	1
6898	6898	1
6903	6903	1
6903	6912	1
6905	6903	2
6907	6905	1
6908	6907	1
6909	6908	1
6912	6912	1
6912	6913	1
6913	6913	1
6915	6880	1
6917	4634	1
6917	6917	1
6918	6918	1
6918	6919	1
6919	6918	1
6919	6919	1
6925	6926	1
6926	6926	1
6929	6929	1
6931	6931	2
6937	6942	1
6939	6940	1
6940	6940	1
6941	6947	1
6942	6942	1
6944	6929	1
6947	6947	1
6948	6948	1
6955	4381	1
6955	5884	1
6955	5907	1
6958	6958	1
6959	6955	1
6959	6958	1
6963	6964	1
6964	6964	1
6964	7303	1
6973	6974	1
6974	6974	1
6974	6977	1
6977	6977	1
6983	6980	1
6983	6983	1
6984	6985	1
6985	6985	1
6985	6986	1
6986	6983	1
6986	6986	1
6996	6996	1
6998	6996	1
7008	7010	1
7009	6955	1
7010	7010	1
7010	7011	1
7011	7011	1
7011	7013	1
7013	7013	2
7013	7020	1
7020	4306	1
7020	7020	1
7026	7026	1
7027	7027	1
7029	7029	1
7030	7030	1
7031	4178	1
7031	7027	1
7031	7031	1
7035	7035	1
7039	7031	1
7041	4178	1
7041	7041	1
7041	7359	1
7043	7043	1
7044	4604	1
7045	7043	1
7046	7047	1
7047	7047	1
7047	7050	1
7048	7041	1
7048	7050	1
7050	7050	2
7050	7053	1
7052	7052	1
7053	7053	1
7055	7055	2
7055	7056	1
7056	7052	1
7056	7056	1
7056	7066	1
7060	7061	1
7061	3912	1
7061	7061	1
7062	3958	1
7063	7055	1
7066	7066	1
7069	7069	2
7069	7081	2
7070	7069	2
7070	7070	1
7071	7079	1
7077	7079	1
7079	7079	1
7079	7102	1
7080	7071	1
7080	7080	1
7081	7070	1
7081	7081	3
7081	7099	1
7082	7081	1
7082	7082	1
7083	7084	1
7084	7081	1
7084	7082	1
7084	7084	1
7087	7088	1
7088	7088	1
7089	7089	1
7094	7094	1
7094	7095	1
7095	7095	1
7095	7096	1
7096	7096	1
7096	7098	1
7098	7083	1
7098	7098	1
7099	7080	1
7099	7099	1
7102	7077	1
7102	7102	2
7102	7103	1
7102	7149	1
7103	7103	1
7106	7106	1
7106	7110	1
7107	7107	1
7108	7115	1
7110	7110	2
7111	7116	1
7113	7114	1
7114	7114	1
7115	7106	1
7115	7110	1
7115	7115	1
7115	7118	1
7116	7116	1
7117	7118	1
7118	5501	1
7118	7118	1
7118	7156	1
7124	7094	1
7131	7138	1
7138	7138	1
7138	7142	1
7141	7141	1
7141	7151	1
7142	7142	1
7149	7102	1
7149	7150	1
7150	7149	1
7150	7150	2
7150	7151	1
7151	7107	1
7151	7141	1
7151	7150	1
7151	7151	2
7156	7156	1
7156	7157	1
7156	7160	1
7157	7157	1
7157	7159	1
7159	7160	2
7160	7160	3
7160	7161	2
7161	7161	1
7161	7163	1
7163	7163	1
7163	7166	1
7171	7172	1
7172	7172	2
7173	7173	1
7173	7174	1
7174	7172	1
7174	7174	1
7183	7184	1
7184	7184	1
7184	7193	1
7185	7185	1
7186	7187	1
7187	7185	1
7188	7186	1
7188	7188	1
7189	7173	1
7193	7193	1
7193	7198	1
7195	7195	1
7198	7195	1
7198	7198	1
7205	7205	1
7208	7205	1
7212	7212	1
7214	7212	1
7214	7214	1
7215	7217	1
7217	7217	1
7217	7221	1
7221	7214	1
7221	7221	1
7223	7223	1
7223	7234	1
7230	7231	1
7231	7223	1
7231	7231	1
7234	7234	1
7235	7235	1
7236	7238	1
7237	7238	1
7237	7251	1
7238	7235	1
7238	7238	4
7239	7238	1
7239	7241	1
7240	7240	1
7241	7240	1
7241	7253	1
7243	7243	1
7244	7244	2
7244	7245	1
7244	7264	1
7245	7243	1
7245	7245	2
7245	7246	1
7246	7246	1
7248	7248	1
7248	7249	2
7249	7249	2
7251	6737	1
7251	7251	1
7251	7253	1
7252	7248	1
7252	7252	1
7253	7253	2
7256	6767	1
7256	7256	3
7256	7257	1
7256	7259	1
7258	7258	1
7264	7258	1
7264	7264	2
7264	7266	1
7265	7264	1
7266	7266	1
7267	6931	1
7267	7267	1
7270	7267	1
7273	99999921	1
7281	7281	1
7282	7283	1
7282	7284	1
7283	7283	2
7283	7284	2
7284	7283	1
7284	7284	3
7284	7285	2
7285	7285	2
7285	7310	1
7288	7288	1
7289	7288	1
7291	7291	1
7293	7294	1
7294	7294	2
7295	7295	1
7298	6955	1
7298	7281	1
7298	7298	1
7298	7300	1
7299	7295	1
7299	7298	1
7299	7299	1
7300	7299	1
7300	7300	1
7303	7291	1
7303	7303	1
7307	7026	1
7308	7322	1
7309	7309	1
7309	7314	1
7310	7310	1
7311	7313	1
7312	7309	1
7312	7312	1
7313	7313	1
7314	7314	1
7318	7318	1
7320	7318	1
7322	7312	1
7322	7322	1
7325	7337	1
7326	7326	1
7328	7328	1
7334	7336	1
7335	7328	1
7336	7336	1
7336	7338	1
7337	7337	1
7338	7338	1
7339	7339	2
7340	7341	1
7341	7341	1
7347	7326	1
7347	7347	1
7348	7347	1
7350	7350	1
7351	7352	1
7352	7352	1
7354	7354	1
7356	7354	1
7356	7356	2
7356	7357	1
7357	7356	1
7357	7357	2
7358	7356	1
7359	7357	1
7359	7359	1
7361	7399	1
7362	7363	1
7363	7363	1
7366	7367	1
7366	7369	1
7367	7367	2
7369	7369	1
7370	7367	1
7374	7374	1
7375	7374	1
7375	7375	1
7376	7375	1
7376	7376	1
7376	7399	1
7377	7378	1
7377	7399	1
7378	7378	1
7381	7381	1
7382	7381	1
7384	7376	1
7384	7384	1
7384	7385	1
7385	7385	1
7385	7397	1
7386	7384	1
7386	7386	1
7387	7386	1
7388	7388	1
7390	7391	1
7391	7391	2
7391	7392	1
7392	7089	1
7392	7392	1
7392	7393	1
7393	7393	1
7393	7399	1
7395	5501	1
7395	7388	1
7395	7399	1
7397	7397	1
7399	7339	1
7399	7350	1
7399	7391	1
7399	7399	2
99999921	7244	1
99999921	7245	1
99999923	6948	1
